-0.0010982
-0.00059603
-0.0049459
0.0013669
-0.0029413
-0.0026587
-0.00093851
-0.0071056
0.0070264
0.0004049
0.00045535
0.0070146
0.0039405
-0.0014189
0.0027794
0.0025453
-0.0029757
-0.0040974
-0.0014891
-0.0028184
-0.0050496
0.0027294
0.011542
0.00049743
0.0052499
0.009667
-0.0043742
-0.0004469
-0.0074079
0.006676
0.0095692
-0.0013724
0.010566
0.0039982
-0.010103
-0.0065613
0.00084593
-0.003474
-0.0089019
0.016064
-0.0041607
-0.029512
-0.013891
-0.0098527
-0.051969
-0.0098036
0.0078102
-0.024898
0.038397
0.010834
-0.012792
0.02704
0.0015331
0.02312
0.014797
0.010358
0.0046468
-0.036903
-0.019084
-0.023731
-0.023478
-0.019594
0.0032666
0.068306
0.038345
0.02832
0.018806
-0.036032
-0.052023
-0.043813
-0.016805
-0.00084084
0.054525
0.043311
0.044615
-0.010735
-0.0431
0.04092
-0.031543
-0.026573
0.0065855
-0.0081893
-0.0528
-0.048042
0.021034
-0.05938
0.0095531
0.10185
0.03584
0.05517
-0.044918
-0.028691
0.0036181
-0.069182
0.032864
0.0524
0.055218
0.031898
0.021494
0.03563
-0.077543
-0.059983
-0.036152
-0.098384
-0.0091384
0.017831
-0.023507
0.017376
0.013553
0.027399
-0.0055687
0.040872
0.024852
0.0001459
0.050484
0.074746
0.037966
-0.014763
-0.0094648
0.035407
-0.013922
-0.01171
0.081144
0.070367
0.0011709
-0.091199
-0.047582
0.0056249
-0.016176
-0.017504
-0.068966
0.032871
0.0036038
-0.17529
0.040633
0.28369
0.13326
0.091694
0.26281
0.1778
0.0076601
-0.16771
-0.19536
-0.0012341
-0.15034
-0.37867
-0.21299
-0.093917
-0.1056
-0.051064
-0.021823
0.082717
0.026922
0.094698
0.10679
-0.0029139
0.11963
0.18563
-0.11383
-0.057007
0.095932
0.034208
0.048489
-0.060226
-0.11074
-0.16075
-0.46194
-0.50608
-0.27194
-0.040072
0.095124
0.28001
0.40506
0.4454
0.39337
0.3086
0.30571
0.063668
-0.46708
-0.3482
-0.023797
-0.36936
-0.26049
0.26964
0.20878
0.058273
0.041868
0.17024
0.23668
-0.06549
0.07827
-0.046891
-0.36482
-0.052948
0.05315
0.15443
0.14195
-0.24642
-0.11869
-0.015608
-0.076218
-0.0074516
0.005749
0.095442
0.21625
0.066483
-0.1436
-0.030866
-0.17654
-0.40314
-0.038674
0.1907
0.22964
0.049586
-0.079484
0.040548
0.12398
-0.01009
-0.043183
0.070887
-0.10605
-0.25647
0.17324
0.1404
-0.27197
-0.0072204
0.19552
0.1939
0.23345
-0.02084
0.048529
0.19552
-0.084302
-0.060583
0.079128
-0.13324
-0.15833
0.0068507
-0.0069188
-0.07539
0.091903
0.15351
0.012805
-0.02005
0.0048692
0.014811
0.012881
-0.1554
-0.045559
0.020009
-0.10613
0.0060036
0.038065
-0.065701
0.012654
0.052348
0.053702
0.086869
0.10569
-0.0079838
-0.064415
-0.17454
-0.07699
0.13898
0.081926
-0.010206
-0.030078
-0.06919
-0.060619
0.10945
0.22581
0.2123
0.18007
-0.086007
-0.17784
-0.00056303
-0.0056504
0.070386
0.12975
-0.067335
-0.092065
0.04635
0.15593
0.15207
0.022661
-0.023142
-0.074165
-0.16524
-0.26005
-0.22251
0.15812
0.16247
-0.0033584
0.20226
0.055888
-0.31495
-0.21584
-0.14135
-0.27773
-0.20246
-0.13765
-0.02334
0.049079
0.26691
0.50075
0.2601
0.053298
-0.19426
-0.32897
0.0092198
-0.057073
-0.16372
0.094688
0.037373
0.088428
0.059988
-0.026541
0.064604
-0.1944
-0.29099
0.097743
0.1061
-0.25301
-0.11391
0.31406
0.18318
0.090265
0.26088
0.13166
-0.0074939
0.15808
0.06438
-0.062189
-0.083336
-0.22967
-0.29762
-0.34418
-0.29423
-0.082905
0.17461
0.3668
0.29077
0.10153
-0.04178
0.09855
-0.10021
-0.24167
-0.045959
-0.22453
-0.017432
0.16599
-0.10565
0.21524
0.16993
-0.021437
-0.029463
-0.29728
-0.15468
0.16935
0.029897
-0.067471
0.11652
0.27142
-0.095858
-0.31196
-0.012147
-0.020288
-0.050376
0.1122
-0.0026236
-0.0074794
-0.0029431
-0.068409
0.1873
0.14698
0.028431
0.19588
0.037301
-0.08696
0.18962
0.33625
0.19375
0.037987
-0.038029
-0.15473
-0.40672
-0.33699
-0.097396
0.026018
0.077105
-0.0020606
0.086445
0.045307
-0.29476
-0.19159
-0.075732
-0.013802
0.24582
0.19857
0.15842
0.21623
0.14351
-0.014119
-0.1785
-0.10073
-0.065716
-0.15265
-0.033761
0.075649
0.0039655
-0.024615
-0.0024935
-0.1828
-0.19089
-0.044583
0.030673
-0.0026679
-0.046562
-0.040044
-0.083521
0.011069
0.14161
0.16687
0.13715
0.046872
-0.10819
-0.1506
-0.088613
-0.020233
0.13086
0.25049
0.19722
0.00051227
-0.056408
-0.039733
-0.19462
-0.28634
-0.22599
-0.075434
0.16096
0.32385
0.2807
0.23652
0.2115
0.060218
0.027509
0.069515
0.073387
0.16879
0.21935
0.11882
-0.0048825
-0.21728
-0.37113
-0.20805
-0.11954
-0.26267
-0.2011
-0.14333
-0.21288
-0.14685
0.14109
0.233
0.13117
0.16994
0.13284
-0.03125
0.014992
0.067333
0.02693
0.16725
0.17261
-0.027912
-0.11474
-0.11876
-0.080754
-0.034501
-0.038256
-0.039909
-0.080557
-0.13846
-0.083582
-0.026012
-0.010249
0.16772
0.26415
0.074145
0.0096237
0.17847
0.26423
0.32119
0.16353
-0.16901
-0.22048
-0.19394
-0.33474
-0.33587
-0.0016622
0.16282
0.076228
-0.052361
-0.21823
-0.26047
-0.096624
-0.014617
0.020372
0.093346
0.078372
0.065279
0.039078
-0.10481
-0.037828
0.17324
0.014167
-0.2785
-0.25258
-0.15093
-0.040717
-0.044688
-0.17621
-0.11887
0.28937
0.50426
0.25622
0.028915
-0.10541
-0.21288
-0.061769
-0.039203
-0.0066039
0.20874
0.18004
0.058781
-0.078195
-0.24095
-0.17907
0.12136
0.34317
0.17728
0.038699
0.075546
-0.086347
-0.14437
-0.050706
0.0011092
0.063545
0.053454
0.02044
0.0050188
-0.039495
0.0065812
0.059598
0.0053988
0.10598
0.19751
0.22049
0.015539
-0.044289
0.015647
-0.20071
-0.16154
-0.0058445
-0.044955
0.128
0.10548
0.02331
0.062293
-0.16672
-0.10571
0.10172
0.039212
0.13875
0.12386
-0.041338
-0.060346
-0.021347
-0.17717
-0.14744
-0.033354
-0.082725
-0.055657
-0.028519
-0.13025
-0.11178
0.016129
0.020697
-0.061047
0.0053735
0.011292
-0.11919
-0.065657
0.011568
0.031868
0.088843
0.035604
0.07392
0.21229
0.19901
0.18113
0.15318
-0.029778
-0.16174
-0.17655
-0.22805
-0.22015
0.034628
0.194
0.082216
0.092346
0.10478
-0.044516
-0.074736
-0.074279
-0.12732
-0.12396
-0.1532
0.021113
0.28184
0.27413
0.27928
0.1242
-0.18606
-0.27659
-0.2959
-0.21707
-0.13227
0.0010178
0.1315
0.16888
0.1993
0.13377
0.024645
-0.10383
-0.14842
-0.087117
-0.022208
-0.053189
-0.089543
0.027747
0.055964
0.06701
0.13452
0.07478
-0.00075509
0.045647
0.097104
0.070488
0.028592
-0.064103
-0.026483
0.042831
0.014028
0.040686
-0.025604
-0.13417
-0.093974
-0.016512
0.018887
0.0532
0.039519
0.071331
0.069138
0.028959
0.024401
-0.030668
-0.089298
-0.13125
-0.24896
-0.16997
0.0098544
0.12485
0.16917
0.11641
0.012523
-0.063088
-0.13085
-0.1038
0.023208
0.11802
0.077538
-0.017342
-0.10774
-0.17974
-0.11404
0.039302
0.11769
0.14309
0.069262
-0.097762
-0.12355
-0.050684
-0.010639
0.10971
0.13859
0.050232
0.0081206
-0.029556
-0.032239
-0.026962
0.0059271
0.080962
0.099467
0.094368
0.071111
0.062287
0.081218
0.13168
0.11235
-0.08215
-0.1851
-0.12892
-0.09078
-0.060454
-0.057985
-0.045973
0.031621
0.070118
0.076344
0.097192
0.057704
-0.0073643
-0.03363
-0.073092
-0.10819
-0.14365
-0.18478
-0.14815
-0.055955
0.0041058
-0.032183
-0.047433
-0.033036
-0.054607
-0.023367
0.063175
0.10755
0.061026
0.048915
0.026957
-0.024968
0.045716
0.09662
0.081368
0.11019
0.079575
-0.024541
-0.092724
-0.10231
-0.095807
-0.13686
-0.087584
-0.016477
-0.03043
0.03325
0.098976
0.11844
0.22142
0.33015
0.40487
0.39074
0.2065
-0.038746
-0.1824
-0.19577
-0.13667
-0.12502
-0.089776
-0.083375
-0.17713
-0.20803
-0.19927
-0.19919
-0.11264
0.010931
0.10028
0.1344
0.11533
0.066882
-0.013329
-0.057137
-0.044123
-0.08166
-0.12373
-0.15561
-0.13516
-0.0095995
0.086336
0.14037
0.21297
0.22653
0.10564
-0.028188
-0.082758
-0.077453
-0.021441
0.042134
0.11935
0.19637
0.2131
0.17478
0.085462
0.052662
0.065356
0.0025588
-0.036374
-0.00034434
-0.041757
-0.08646
-0.048549
-0.0034048
0.019091
0.050754
0.026493
-0.038507
-0.046138
-0.049237
-0.03265
-0.036764
-0.092713
-0.10903
-0.099156
-0.040608
0.019572
0.012048
0.024002
0.004211
-0.045976
-0.047833
-0.055096
-0.064529
-0.036358
-0.0043305
0.058648
0.1344
0.12426
0.096909
0.073518
-0.011117
-0.051973
-0.030697
-0.0064276
0.020718
0.034543
0.03333
0.055457
0.046283
-0.013926
-0.030726
-0.036249
-0.07247
-0.13151
-0.15391
-0.16065
-0.16414
-0.12814
-0.093215
-0.056756
-0.037535
-0.036014
-0.034243
-0.052359
-0.046922
0.012751
0.029662
0.0098553
-0.029102
-0.11682
-0.1505
-0.1176
-0.076751
0.0016365
0.059357
0.09095
0.14689
0.20419
0.23688
0.22075
0.17292
0.15495
0.15572
0.11123
0.069142
0.02921
-0.032469
-0.08405
-0.12966
-0.15408
-0.18177
-0.18575
-0.078825
0.012807
0.049331
0.13725
0.19015
0.19258
0.16716
0.088806
0.016767
-0.05159
-0.132
-0.20227
-0.21457
-0.1213
0.015525
0.10653
0.15043
0.16066
0.14512
0.099543
0.040321
-0.030577
-0.053433
-0.013525
-0.016381
-0.046895
-0.032232
0.0037062
0.070589
0.13785
0.16549
0.15879
0.10493
0.020739
-0.060321
-0.13768
-0.17874
-0.17885
-0.14009
-0.11915
-0.10154
-0.05171
-0.040586
-0.076509
-0.095396
-0.097121
-0.095585
-0.061626
-0.03863
-0.013778
0.028012
0.0017947
-0.048573
-0.053907
-0.022472
0.028958
0.05838
0.081736
0.09988
0.076758
0.041434
0.023786
0.049268
0.084331
0.068614
0.063029
0.028993
-0.031887
-0.047744
-0.063451
-0.048969
0.022203
0.071187
0.10815
0.13066
0.083763
-0.0047708
-0.074517
-0.10032
-0.095989
-0.083353
-0.089653
-0.090475
-0.067047
-0.046062
-0.024165
0.010682
0.016377
-0.0047855
-0.0097983
-0.035732
-0.067582
-0.066396
-0.053318
-0.022278
0.0131
0.016476
0.021893
0.034094
0.017534
0.0095078
0.033303
0.042528
0.026402
0.02134
0.055612
0.074356
0.056448
0.034558
0.015079
0.020025
0.046366
0.053388
0.061814
0.083382
0.09548
0.092348
0.073509
0.063338
0.043748
0.01809
-0.013308
-0.04799
-0.058228
-0.060072
-0.06294
-0.057317
-0.049693
-0.041437
-0.045521
-0.054838
-0.089496
-0.14796
-0.16829
-0.16436
-0.13515
-0.05537
0.029625
0.10964
0.18598
0.22983
0.2308
0.19235
0.11099
0.0048558
-0.066229
-0.071288
-0.054232
-0.027414
0.0085321
0.034482
0.055618
0.060297
0.070691
0.090686
0.07534
0.044061
0.02783
0.023209
0.034373
0.066034
0.076856
0.048353
0.011262
-0.034533
-0.073323
-0.065365
-0.05128
-0.03721
-0.032923
-0.057037
-0.08484
-0.11183
-0.11084
-0.07237
-0.05032
-0.04614
-0.040151
-0.037896
-0.03682
-0.023027
-0.0041209
0.0040623
-0.0010515
-0.031223
-0.037942
-0.029292
-0.036044
-0.036429
-0.043202
-0.039696
-0.014771
0.0074639
0.038434
0.084547
0.10762
0.10852
0.090956
0.049921
-0.0036509
-0.047777
-0.058634
-0.058437
-0.049889
-0.025861
0.0057716
0.022316
0.011254
-0.0076669
-0.042314
-0.087546
-0.11692
-0.12875
-0.13654
-0.1138
-0.068669
-0.016729
0.03688
0.068365
0.084929
0.086171
0.067928
0.051938
0.015556
-0.034743
-0.047521
-0.037241
-0.035929
-0.033502
-0.026906
-0.012674
0.0018024
0.026081
0.049449
0.073765
0.10751
0.1238
0.12925
0.12252
0.08614
0.063933
0.066197
0.056172
0.034466
0.0070588
-0.0050813
-0.019165
-0.038776
-0.017218
0.0022937
-0.00069329
0.0048703
-0.0055285
-0.020938
-0.015862
-0.011972
-0.048793
-0.062893
-0.049949
-0.048038
-0.037484
-0.016259
0.025828
0.069167
0.1058
0.11927
0.098453
0.062064
0.021156
-0.00017142
-0.015276
-0.038486
-0.04634
-0.050663
-0.06234
-0.071626
-0.054318
-0.029607
-0.028801
-0.014956
0.011826
0.037634
0.082569
0.11454
0.12125
0.10409
0.055351
-0.0069102
-0.051705
-0.069569
-0.089335
-0.088956
-0.065581
-0.060922
-0.072155
-0.086988
-0.10231
-0.12414
-0.13785
-0.11915
-0.0945
-0.07424
-0.037022
0.010379
0.054011
0.076251
0.069645
0.059287
0.030947
0.022583
0.028049
0.012834
0.0021708
-0.002621
-0.013399
-0.034455
-0.051844
-0.065538
-0.059025
-0.029284
-0.00093846
0.028211
0.050456
0.069074
0.085408
0.090336
0.10306
0.13835
0.14716
0.14683
0.13553
0.10397
0.06598
0.023946
-0.0047332
-0.037002
-0.073605
-0.074807
-0.057388
-0.045313
-0.040602
-0.029922
-0.013409
-0.017696
-0.030362
-0.039795
-0.051306
-0.054875
-0.053038
-0.05798
-0.05786
-0.046129
-0.032824
-0.0036872
0.012844
0.0081181
0.02002
0.029935
0.025181
0.017911
0.021613
0.017537
0.0074964
0.0081493
0.0074147
0.0059242
0.0072148
-0.0067811
-0.021743
-0.030654
-0.037794
-0.041977
-0.047167
-0.038491
-0.031012
-0.040336
-0.040318
-0.03094
-0.03161
-0.01756
-0.0023999
-0.0084139
-0.022983
-0.034464
-0.014452
0.00012887
0.0080857
0.031546
0.037874
0.04333
0.032761
-0.0015505
-0.025622
-0.045869
-0.055233
-0.05676
-0.032895
0.02441
0.082393
0.13705
0.1774
0.19431
0.18922
0.15503
0.11742
0.094215
0.082964
0.074133
0.052381
0.025866
-0.0011546
-0.0034909
0.01268
0.025227
0.053529
0.068863
0.068647
0.067977
0.071705
0.086829
0.088912
0.072434
0.061969
0.053507
0.027957
-0.00076273
-0.036777
-0.076596
-0.11377
-0.14466
-0.14609
-0.13636
-0.11633
-0.088214
-0.08238
-0.091715
-0.10818
-0.12068
-0.12234
-0.12552
-0.13725
-0.14954
-0.15572
-0.15578
-0.14651
-0.12314
-0.092364
-0.069403
-0.043712
-0.018772
-0.002097
0.0095308
0.01612
0.022445
0.032739
0.042102
0.054185
0.052885
0.040988
0.029795
0.01534
0.004479
-0.014714
-0.043236
-0.056452
-0.065404
-0.071846
-0.063257
-0.052818
-0.038191
-0.0099368
0.020165
0.033061
0.048141
0.0749
0.097464
0.11533
0.1246
0.1368
0.1528
0.15921
0.14812
0.13442
0.11777
0.094746
0.076733
0.043483
0.0028463
-0.030365
-0.051687
-0.053095
-0.055484
-0.033179
0.0046595
0.020008
0.024287
0.019921
0.0055894
-0.01271
-0.030609
-0.043261
-0.061028
-0.079271
-0.1016
-0.11663
-0.10507
-0.086159
-0.057564
-0.036973
-0.029065
-0.0096313
0.01022
0.014258
0.029881
0.054506
0.064237
0.075109
0.075946
0.073679
0.087342
0.084977
0.082229
0.087812
0.076338
0.067292
0.066686
0.056004
0.053401
0.058659
0.063469
0.067947
0.053682
0.02397
-0.004201
-0.02075
-0.036606
-0.043769
-0.05016
-0.062013
-0.06419
-0.061035
-0.058958
-0.056522
-0.050811
-0.045382
-0.051189
-0.05622
-0.069282
-0.08452
-0.10586
-0.11874
-0.1173
-0.10107
-0.076391
-0.038406
0.00093612
0.031512
0.048222
0.053448
0.049475
0.053084
0.057287
0.072278
0.090181
0.098262
0.094368
0.076968
0.052898
0.03437
0.019327
0.011524
0.011957
0.012001
0.010332
0.0055264
-0.0087636
-0.0267
-0.026158
-0.013837
-0.016924
-0.015163
-0.02374
-0.040603
-0.045365
-0.049399
-0.042149
-0.020515
-6.1108e-05
0.018064
0.036796
0.049036
0.056242
0.050915
0.026146
0.0039976
-0.020099
-0.036612
-0.029618
-0.02859
-0.021156
0.0020881
0.011661
0.023732
0.042504
0.051113
0.061833
0.061224
0.04219
0.017598
-0.0065504
-0.021524
-0.026043
-0.032914
-0.022769
0.0013323
0.013114
0.019075
0.026034
0.036656
0.051609
0.056258
0.048221
0.035677
0.018205
-0.0081176
-0.03945
-0.061968
-0.078957
-0.099277
-0.10225
-0.098069
-0.093589
-0.074082
-0.048307
-0.025727
-0.0030022
0.015958
0.022223
0.022892
0.019153
0.013208
0.0021592
-0.0099744
-0.0071492
-0.0068455
-0.0082449
-0.0071614
-0.015516
-0.025327
-0.036715
-0.042064
-0.042803
-0.048122
-0.042854
-0.03133
-0.030964
-0.0307
-0.02237
-0.0062684
0.0058436
0.015071
0.026835
0.030708
0.021526
0.01189
0.006953
-0.0031605
-0.01225
-0.014147
-0.020506
-0.021629
-0.012203
0.0059453
0.017537
0.033163
0.044001
0.031757
0.024073
0.022365
0.015648
0.0089104
-0.0023041
-0.0085125
-0.015935
-0.030159
-0.036471
-0.041994
-0.047682
-0.052085
-0.039338
-0.017759
-0.0026718
0.01526
0.021915
0.024586
0.026377
0.016191
0.01293
0.012891
0.014133
0.030809
0.039874
0.046966
0.050884
0.042573
0.038463
0.033701
0.017803
0.0030061
-0.013306
-0.036732
-0.049824
-0.048054
-0.040323
-0.024789
-0.0031257
0.014077
0.023019
0.029067
0.031384
0.029351
0.030611
0.031137
0.024357
0.021849
0.024088
0.026879
0.035994
0.045216
0.049097
0.042683
0.031565
0.030563
0.033559
0.031213
0.042112
0.052679
0.051281
0.046289
0.030155
0.0051563
-0.019551
-0.041865
-0.057328
-0.06147
-0.066954
-0.073234
-0.07682
-0.083242
-0.083464
-0.073773
-0.060125
-0.047584
-0.033142
-0.020822
-0.0044312
0.0044497
0.012985
0.014191
0.0042035
-0.0037326
-0.01316
-0.0084044
0.0013788
0.015443
0.030995
0.036548
0.040414
0.035678
0.019286
0.0058363
-0.011105
-0.02452
-0.034006
-0.030394
-0.018182
-0.0044415
0.014653
0.022392
0.025351
0.030622
0.04491
0.052963
0.058724
0.064486
0.056724
0.045268
0.024429
0.0080841
-0.0097323
-0.041786
-0.051488
-0.054156
-0.056104
-0.05178
-0.048294
-0.040027
-0.027504
-0.016012
-0.010998
-0.0090638
-0.0099983
-0.0069911
-0.0045332
-0.0056367
0.0058328
0.01051
0.0046105
-0.0014655
-0.0094503
-0.022357
-0.041206
-0.04776
-0.050164
-0.046095
-0.036178
-0.019469
0.0071755
0.027309
0.035686
0.045316
0.044441
0.036109
0.034127
0.040697
0.052704
0.068859
0.081163
0.08633
0.087017
0.083754
0.078498
0.06864
0.052473
0.043213
0.031388
0.029214
0.024234
0.014843
0.012854
0.0086361
-0.0066873
-0.026839
-0.038454
-0.056176
-0.0667
-0.052337
-0.040566
-0.033691
-0.015286
-0.0096316
-0.012963
-0.010486
-0.017195
-0.013303
-0.012369
-0.011919
-0.0046565
-0.00057267
0.010207
0.0097592
0.0068404
0.0017879
-0.015074
-0.027849
-0.031632
-0.036431
-0.033887
-0.02996
-0.031563
-0.026526
-0.014277
0.0026212
0.0090367
0.017315
0.030002
0.029655
0.029895
0.032243
0.036952
0.038074
0.029524
0.019179
0.0040792
-0.019712
-0.042288
-0.052435
-0.058834
-0.065053
-0.060035
-0.050989
-0.04135
-0.040624
-0.038532
-0.029776
-0.019755
0.0032068
0.017115
0.02892
0.035103
0.020743
0.0020913
-0.014476
-0.033257
-0.04059
-0.041289
-0.047291
-0.044777
-0.041974
-0.03475
-0.033074
-0.030844
-0.025221
-0.022598
-0.020584
-0.018625
-0.0097585
-0.0074135
-0.0072806
0.0015889
0.0059984
0.006568
0.014662
0.019843
0.027182
0.038023
0.051591
0.072673
0.088019
0.092398
0.093356
0.088196
0.078616
0.060719
0.038722
0.02274
0.0078295
-0.0090984
-0.029037
-0.039365
-0.042508
-0.048001
-0.046508
-0.04563
-0.045256
-0.038621
-0.02927
-0.022546
-0.01066
0.0059864
0.012762
0.01998
0.031621
0.043311
0.053574
0.055715
0.056306
0.056231
0.05575
0.047906
0.031571
0.014675
-0.00042585
-0.02056
-0.035856
-0.03698
-0.040953
-0.039666
-0.035963
-0.031181
-0.030041
-0.030966
-0.030506
-0.029653
-0.0214
-0.011477
-0.008745
0.002235
-0.0013942
-0.0095729
-0.0017423
0.0059901
0.0072386
0.0061741
0.0063499
0.00018727
-0.0077487
-0.015627
-0.030038
-0.032696
-0.034137
-0.039788
-0.034598
-0.025367
-0.004255
0.011308
0.011591
0.01589
0.019716
0.011931
0.0083337
0.0091853
-0.001092
-0.0093165
-0.010598
-0.018076
-0.028904
-0.034848
-0.035975
-0.041957
-0.0489
-0.051083
-0.050255
-0.043183
-0.040884
-0.029045
-0.011955
-0.0022019
0.012346
0.023607
0.039315
0.064147
0.077256
0.086857
0.08718
0.078253
0.06332
0.047786
0.033392
0.022852
0.016117
0.010118
0.0080207
0.010884
0.008162
0.0079964
0.01058
0.0051205
-0.0041248
-0.0013704
-0.0018091
-0.010909
-0.0040702
0.0073466
0.010802
0.011259
0.015067
0.015296
0.011571
0.0111
0.013986
0.024682
0.03545
0.042665
0.042702
0.04407
0.042113
0.031161
0.026223
0.020457
0.012393
0.0076416
0.0035965
-0.0037028
-0.010703
-0.015453
-0.015368
-0.0079028
0.0041364
0.016555
0.026375
0.036602
0.033965
0.022553
0.012785
-0.00079036
-0.0086236
-0.0073283
-0.0073597
-0.0061333
-0.0072547
-0.0076639
-0.0069892
-0.0073424
-0.0082891
-0.010616
-0.0059876
-0.0078407
-0.014833
-0.02522
-0.037894
-0.039341
-0.040575
-0.038394
-0.02828
-0.01295
0.0072101
0.022818
0.039429
0.044542
0.045913
0.039319
0.02703
0.02415
0.021053
0.014037
0.0042881
-0.0073602
-0.019111
-0.032875
-0.039348
-0.044847
-0.054115
-0.061165
-0.064605
-0.071309
-0.076566
-0.080099
-0.077762
-0.076475
-0.070944
-0.063275
-0.059286
-0.042536
-0.032822
-0.024592
-0.0067668
-0.0028928
-0.00051592
0.0043804
0.00061712
0.0022936
-0.0062724
-0.013552
-0.019268
-0.028466
-0.029844
-0.03082
-0.032375
-0.03595
-0.03496
-0.031777
-0.032008
-0.03077
-0.019946
-0.0029077
0.001683
0.0017792
0.0015945
-0.0067942
-0.0066795
0.0014601
0.013657
0.022457
0.027933
0.032326
0.03052
0.027407
0.029139
0.030187
0.022759
0.019111
0.01617
0.010588
0.014636
0.020184
0.031389
0.044329
0.054825
0.056596
0.057583
0.052708
0.044523
0.040344
0.029706
0.020792
0.014197
0.0089923
0.007887
0.0081202
0.0085692
0.011697
0.016068
0.020496
0.023143
0.022235
0.02355
0.022821
0.017322
0.015819
0.018149
0.021307
0.031207
0.04135
0.052
0.067105
0.082504
0.086709
0.090487
0.093494
0.086952
0.079206
0.060383
0.038001
0.021367
0.013156
0.0086233
0.00118
-0.0092991
-0.015014
-0.019243
-0.018505
-0.024765
-0.029314
-0.031896
-0.031266
-0.033882
-0.040306
-0.044017
-0.045725
-0.050076
-0.050098
-0.045222
-0.03993
-0.028779
-0.024323
-0.018099
-0.017893
-0.022716
-0.019955
-0.032674
-0.029852
-0.029082
-0.03164
-0.027443
-0.023472
-0.030379
-0.030044
-0.028554
-0.030963
-0.030798
-0.032035
-0.034191
-0.030395
-0.029334
-0.032639
-0.032584
-0.030431
-0.031614
-0.034737
-0.033752
-0.035652
-0.035207
-0.030251
-0.028209
-0.022065
-0.023734
-0.0087784
0.010839
0.013583
0.021906
0.030179
0.025989
0.020797
0.014015
0.0071076
-0.0025209
-0.016084
-0.015076
-0.03178
-0.036182
-0.030474
-0.033604
-0.015368
0.0060996
0.0065474
0.0042758
0.012916
0.0032662
-0.01513
-0.026549
-0.032327
-0.031243
-0.034245
-0.032316
-0.023898
-0.0048374
0.014456
0.022654
0.030289
0.046686
0.050666
0.049961
0.048197
0.048581
0.038935
0.026495
0.02068
0.012141
0.013776
0.014207
0.014102
0.019522
0.020145
0.019579
0.021086
0.023291
0.024624
0.025263
0.033249
0.02739
0.022716
0.022137
0.015722
0.011558
0.010617
0.0081179
0.010025
0.010884
0.010527
0.014422
0.016078
0.020572
0.026682
0.031996
0.030779
0.0315
0.031307
0.027002
0.024705
0.020953
0.017187
0.017943
0.012892
0.010023
0.0059077
8.5707e-05
-0.0066664
-0.023218
-0.02876
-0.032171
-0.036618
-0.038452
-0.039033
-0.031558
-0.029301
-0.026273
-0.0081748
0.007695
0.010491
0.0098131
0.0062941
-0.0033304
-0.010401
-0.018455
-0.029835
-0.032694
-0.035838
-0.041622
-0.037818
-0.033907
-0.031203
-0.028729
-0.03084
-0.034892
-0.032983
-0.029933
-0.027736
-0.024159
-0.016358
-0.0042848
0.001957
0.0085242
0.011416
0.0072365
0.0092577
0.003711
-0.0033923
-0.0081931
-0.014334
-0.021116
-0.021
-0.011063
-0.00038246
0.0090089
0.017258
0.02323
0.031934
0.040019
0.047986
0.05484
0.060279
0.058945
0.053766
0.057389
0.058143
0.051103
0.045025
0.040469
0.032394
0.021351
0.0099692
0.0009173
-0.0069975
-0.017683
-0.026262
-0.028966
-0.03059
-0.033251
-0.032198
-0.030646
-0.025193
-0.024725
-0.023705
-0.018896
-0.012645
-0.0036144
0.002418
0.0045491
0.0045629
0.0041417
0.00094906
-0.0052545
-0.0048858
-0.0042779
-0.0039931
-0.0029525
0.0018494
0.0060139
0.0023324
0.00020962
-0.00049139
-0.0052953
-0.0073822
-0.0093609
-0.005353
-0.0023017
-0.0036587
-0.0024733
-0.00092962
0.0010571
0.0033847
0.0044714
0.0037703
0.0048435
0.0061532
0.008571
0.01008
0.012149
0.01447
0.014881
0.012558
0.0092486
0.0069818
0.0034059
-0.0006375
-0.0025609
-0.0068673
-0.011419
-0.014931
-0.015422
-0.015053
-0.015173
-0.013278
-0.012325
-0.011517
-0.010504
-0.0096237
-0.0090483
-0.0085707
-0.007849
-0.0078605
-0.00735
-0.0059285
-0.0052817
-0.0030526
-0.0012222
-0.0001609
0.0022524
0.002769
0.0033664
0.0028631
0.0023302
0.0014002
0.0016043
0.0025182
0.0031662
0.0029136
0.0027986
0.0026601
0.002322
0.0021409
0.0014621
0.0016694
0.0018568
0.0016285
0.0017906
0.0012821
0.00093286
0.00040781
-9.9659e-05
0.00022293
0.00078045
0.0013847
0.0015744
0.0019767
0.002554
0.002552
0.0024872
0.0022052
0.0015606
0.0012865
0.00067178
0.00011185
-0.00025822
-0.00077688
-0.0012464
-0.001603
-0.0014113
-0.0012439
-0.0010941
-0.00087621
-0.00077025
-0.00064095
-0.00050976
-0.00031721
-0.00011265
2.0985e-05
9.2789e-05
9.0837e-05
8.307e-05
9.956e-05
7.3916e-05
1.3781e-05
9.9814e-06
5.8842e-05
6.1228e-05
9.3568e-05
0.00016118
0.0002031
0.0002207
0.00023612
0.00024289
0.00021642
0.00020853
0.00019554
0.00017772
0.00016932
0.00016408
0.00016439
0.00016101
0.00015391
0.00015217
0.00014796
0.0001403
0.00013496
0.00012877
0.0001218
0.00011449
0.00010754
0.00010133
9.5942e-05
9.1399e-05
8.7515e-05
8.4187e-05
0
0
0
0
0
0
0
0
0
0
0
0
0
0
0
0
0
0
0
0
0
0
0
0
0
0
0
0
0
0
0
0
0
0
0
0
0
0
0
0
0
0
0
0
0
0
0
0
0
0
0
0
0
0
0
0
0
0
0
0
0
0
0
0
0
0
0
0
0
0
0
0
0
0
0
0
0
0
0
0
0
0
0
0
0
0
0
0
0
0
0
0
0
0
0
0
0
0
0
0
0
0
0
0
0
0
0
0
0
0
0
0
0
0
0
0
0
0
0
0
0
0
0
0
0
0
0
0
0
0
0
0
0
0
0
0
0
0
0
0
0
0
0
0
0
0
0
0
0
0
0
0
0
0
0
0
0
0
0
0
0
0
0
0
0
0
0
0
0
0
0
0
0
0
0
0
0
0
0
0
0
0
0
0
0
0
0
0
0
0
0
0
0
0
0
0
0
0
0
0
0
0
0
0
0
0
0
0
0
0
0
0
0
0
0
0
0
0
0
0
0
0
0
0
0
0
0
0
0
0
0
0
0
0
0
0
0
0
0
0
0
0
0
0
0
0
0
0
0
0
0
0
0
0
0
0
0
0
0
0
0
0
0
0
0
0
0
0
0
0
0
0
0
0
0
0
0
0
0
0
0
0
0
0
0
0
0
0
0
0
0
0
0
0
0
0
0
0
0
0
0
0
0
0
0
0
0
0
0
0
0
0
0
0
0
0
0
0
0
0
0
0
0
0
0
0
0
0
0
0
0
0
0
0
0
0
0
0
0
0
0
0
0
0
0
0
0
0
0
0
0
0
0
0
0
0
0
0
0
0
0
0
0
0
0
0
0
0
0
0
0
0
0
0
0
0
0
0
0
0
0
0
0
0
0
0
0
0
0
0
0
0
0
0
0
0
0
0
0
0
0
0
0
0
0
0
0
0
0
0
0
0
0
0
0
0
0
0
0
0
0
0
0
0
0
0
0
0
0
0
0
0
0
0
0
0
0
0
0
0
0
0
0
0
0
0
0
0
0
0
0
0
0
0
0
0
0
0
0
0
0
0
0
0
0
0
0
0
0
0
0
0
0
0
0
0
0
0
0
0
0
0
0
0
0
0
0
0
0
0
0
0
0
0
0
0
0
0
0
0
