-0.0036951
-0.00049786
0.00054369
0.0055732
0.0088334
-0.0033598
-0.0016073
0.0026056
0.0044914
0.0047668
-0.0053156
-0.0026875
-0.0028379
-0.0036591
0.0096698
0.0044212
0.0025333
0.0035519
-0.012243
0.0085084
-0.00051687
-0.025521
0.01489
0.0024583
-0.013743
0.016228
-0.012605
-0.006206
0.016678
-0.010796
0.0028429
-0.017899
-0.028597
0.022518
-0.01728
-0.0059845
0.031885
-0.029544
0.0010297
0.01765
-0.023271
0.023611
-0.0018157
-0.014048
0.010075
-0.0055497
0.005179
0.00031949
0.0042243
0.003466
0.0010113
0.012724
0.0022761
-0.0077268
-0.00596
0.010743
-0.0033563
-0.00198
0.01093
-0.0088366
-0.0048416
0.011848
0.013375
0.00098374
-0.016119
-0.012075
-0.014803
-0.0096955
-0.00079073
-0.0082804
-0.021296
-0.0029368
0.0047902
-0.0046653
-0.0077023
-0.013405
0.0070642
2.7488e-06
-0.010076
0.0041729
0.0053539
0.0047005
0.0035581
0.010851
0.023922
-0.014234
-0.0072363
0.015987
-0.0028473
0.0090242
-0.00084493
-0.018811
0.001738
0.0068486
-0.017196
-0.01159
0.0042662
0.0025607
-0.0014717
-0.010891
0.00075505
0.0097008
0.012445
0.018514
0.01646
-0.0019602
-0.0099563
-0.00075393
-0.0173
-0.024764
-0.0023949
0.012158
0.0076328
-0.0052422
-0.020703
-0.019176
0.0074516
0.019286
0.0010233
-0.0041103
-0.009341
-0.032717
0.0090146
0.0064808
-0.016966
0.017966
-0.0095526
-0.020202
-0.0059336
-0.0095296
-0.0087686
0.0015629
-0.015008
-0.011288
0.0056097
0.015576
-0.0024859
-0.00016091
0.012398
-0.020863
0.009943
-0.016509
-0.013976
0.023381
-0.02636
0.0045812
0.054566
-0.013039
0.0048496
0.022919
-0.0047214
-0.0051121
-0.01281
0.008323
-0.0085059
-0.06308
-0.015638
0.016299
-0.0015281
0.030981
-0.0075817
-0.026144
0.024473
0.016942
-0.0049172
-0.029308
-0.019469
0.019347
0.028669
0.0019062
0.0019517
0.0080118
-0.024229
-0.0060485
-0.010951
-0.038597
-0.010933
-0.020422
0.019245
0.049907
-0.025125
-0.014983
0.0043791
0.00049117
0.019425
0.0072899
0.012323
-0.014114
-0.017954
-0.0062607
-0.013357
0.0034616
0.0011041
-0.0019992
0.00034797
-0.023227
-0.016516
-0.011924
0.00071382
0.010139
0.028431
0.030215
-0.0087363
0.022388
0.0083032
-0.019331
-0.01976
-0.03387
-0.01904
-0.0042372
0.0011482
0.023421
0.0073932
-0.019
0.030751
0.035949
-0.041149
-0.0074814
0.011916
0.00039627
0.045612
0.026766
-0.051475
-0.045576
0.020201
0.027938
0.05015
0.0069713
-0.032675
-0.027306
-0.053417
-0.01295
0.037549
0.00064316
0.0077275
0.044339
0.040491
0.018001
-0.047718
-0.016709
0.014927
-0.017965
-0.027117
-0.0056939
-0.013176
-0.0017181
0.013201
-0.021875
-0.046299
-0.029109
-0.034015
-0.046489
-0.04826
-0.019821
0.04809
0.073084
0.038034
-0.0048057
0.050105
0.06566
0.049813
0.042566
0.015278
-0.024563
-0.071382
-0.075955
-0.0056464
0.10803
0.046816
-0.013257
-0.013617
0.016261
0.051508
-0.032062
-0.028151
0.10987
0.081628
-0.010793
0.027136
0.067263
0.08603
0.087306
0.11459
0.15068
0.13625
0.080663
-0.017876
-0.066263
0.014205
0.071823
0.087656
0.052678
-0.044157
-0.081179
-0.038815
-0.00034905
-0.090266
-0.17768
-0.12211
-0.12681
-0.15266
-0.067896
0.0014947
-0.014223
0.088978
0.27196
0.15707
-0.027612
0.087846
0.24662
0.27413
0.21657
0.0679
-0.027027
-0.063167
-0.19466
-0.18937
0.008602
-0.0028844
-0.029237
0.18103
0.1705
0.091963
0.18934
0.12961
-0.13038
-0.24043
-0.22348
-0.24272
-0.21949
-0.19152
-0.19921
-0.24547
-0.054786
0.20177
0.075632
-0.046132
0.032589
0.10705
0.094897
-0.042629
0.015898
0.1791
0.16218
0.050701
-0.052935
-0.0023622
0.12732
0.19076
0.11863
0.095768
0.062611
0.046462
0.098214
0.12709
0.19248
0.13136
0.045186
0.031189
-0.020558
0.033349
0.051396
-0.14937
-0.33746
-0.39987
-0.44743
-0.45051
-0.37261
-0.29084
-0.2167
-0.11993
-0.086687
-0.11806
-0.13665
-0.10093
-0.013127
0.063855
0.14231
0.23795
0.30576
0.29401
0.15157
0.023405
0.0311
0.041969
0.10189
0.16196
0.094069
-0.0046026
-0.068993
-0.13159
-0.17761
-0.20891
-0.24736
-0.19922
-0.1756
-0.21986
-0.19027
-0.14097
-0.057995
0.045597
0.031965
-0.031976
-0.049747
-0.096912
-0.14488
-0.051839
0.06029
0.0097454
-0.04863
-0.10796
-0.15157
-0.1351
-0.1494
-0.15209
-0.13307
-0.00075141
0.14324
0.18254
0.25262
0.27472
0.20513
0.11945
0.055624
-0.024991
-0.10003
-0.10015
-0.059854
0.0051191
0.098338
0.14798
0.060134
-0.033844
-0.022519
-0.017751
-0.075225
-0.084726
-0.050631
0.0037994
0.08261
0.11487
0.10028
0.10804
0.12064
0.076771
0.04439
0.089742
0.099136
0.070598
0.086724
0.066555
0.052814
0.10439
0.14839
0.14634
0.12911
0.11202
0.11686
0.13653
0.029038
-0.13292
-0.14631
-0.058144
-0.017963
-0.015188
0.026031
0.056032
0.028994
-0.020784
-0.037611
-0.0298
0.0010592
0.052563
0.01166
-0.084696
-0.045534
-0.031491
-0.010978
0.14859
0.15449
0.12921
0.16442
0.1402
0.080269
0.012485
0.026777
-0.009846
-0.1137
-0.13998
-0.08404
0.038359
0.095366
0.044464
0.053371
0.11599
0.069319
-0.038935
-0.026384
0.021909
0.011324
0.049094
0.061904
-0.043061
-0.042336
-0.0050167
-0.10185
-0.14544
-0.1127
-0.11477
-0.10728
-0.090597
-0.098297
-0.10658
-0.13089
-0.11102
0.0020041
0.057318
0.02486
0.039494
0.11203
0.15031
0.10441
0.088638
0.060913
-0.0095097
0.032689
0.065041
-0.022164
-0.10142
-0.13669
-0.10898
-0.023443
0.0093494
-0.017447
-0.028601
-0.003912
0.028294
-0.013243
-0.064602
-0.054555
-0.016608
0.016316
-0.0050121
-0.024392
0.013907
0.033508
0.042651
-0.011922
-0.092816
-0.076904
-0.037336
0.0047549
-0.0077363
-0.083488
-0.087982
-0.060655
-0.064468
-0.031344
-0.065146
-0.075167
-0.026677
-0.0135
0.046959
0.03766
-0.0012273
0.074068
0.08975
0.015461
-0.017228
0.050089
0.10493
0.054285
0.038683
0.042336
0.021787
-0.021531
0.019805
0.02887
2.0798e-05
0.035551
0.0065955
0.0035454
0.071062
0.067838
0.023727
0.043173
0.053208
-0.0043032
0.0052757
0.020051
-0.0018722
0.040137
0.076244
0.11127
0.12727
0.10194
0.055453
0.027721
0.04925
0.02236
0.01819
-0.018831
-0.11526
-0.14084
-0.11025
-0.075372
-0.076989
-0.092607
-0.057533
-0.017197
-0.016453
-0.01077
0.008934
0.017111
0.00010444
-0.0080635
0.0057223
0.0020698
-0.018805
-0.039081
-0.067852
-0.074738
-0.066991
-0.053359
-0.026809
-0.030231
-0.034161
-0.054332
-0.066891
-0.01714
-0.014423
-0.024841
-2.1724e-05
-0.026854
-0.057014
-0.064829
-0.034568
-0.0086125
-0.045522
-0.087969
-0.11863
-0.06506
0.040318
0.053325
0.002526
0.031448
0.083183
0.089659
0.10625
0.10883
0.075097
0.058653
0.069667
0.094419
0.12178
0.12583
0.10171
0.072611
0.039172
-0.0041408
0.017193
0.046303
0.021307
0.026029
0.0078932
-0.029658
0.0010671
0.030824
0.0047401
0.012356
0.039226
0.049722
0.019835
-0.040593
-0.052371
-0.055175
-0.081675
-0.093338
-0.077888
-0.057129
-0.046291
-0.045526
-0.019615
-0.019909
-0.065075
-0.058125
-0.025373
-0.02745
-0.010643
-0.021767
-0.021984
0.029995
0.0033684
-0.017554
0.02724
-0.015791
-0.11993
-0.067241
0.050522
0.097277
0.064507
-0.052273
0.014973
0.082093
-0.064862
-0.11708
-0.021168
0.045558
0.0067595
-0.039168
-0.040358
-0.027581
0.054
0.030513
-0.0043552
0.09495
0.078628
0.013524
-0.014049
0.0123
0.083765
0.077679
0.0048569
-0.0043159
0.073316
0.075997
0.0052936
-0.0070067
0.025053
0.01492
0.0085786
-0.00010506
-0.052485
-0.024744
0.014929
-0.013485
-0.022921
-0.047674
-0.091016
-0.12328
-0.11266
-0.052424
-0.010285
-0.0048136
-0.024377
-0.038098
-0.025312
-0.037019
-0.03418
0.0012901
0.0096848
0.01099
0.014209
0.015332
0.020737
0.039282
0.041295
0.00026843
0.0069712
0.066269
0.041452
0.010506
0.030706
0.051253
0.0715
0.021726
0.0027711
0.074088
0.11103
0.12594
0.084776
0.0063198
0.018181
0.041103
-0.037341
-0.083977
-0.04471
-0.0053462
0.004865
-0.019337
-0.036313
-0.019461
-0.044141
-0.066729
-0.030376
-0.017465
-0.013821
-0.012641
-0.018982
-0.033398
-0.051732
-0.016924
-0.0084285
-0.032869
-0.012613
0.013991
-0.008272
-0.03444
-0.026107
-0.0066647
-0.0091472
-0.01337
0.009766
0.031465
0.017134
0.019398
0.019632
-0.0086671
-0.051626
-0.076594
-0.053657
-0.026713
-0.025781
-0.033105
-0.04347
-0.038612
-0.0077706
0.0052643
-0.0093585
-0.0033881
0.025222
0.024414
0.002892
0.01929
0.03623
0.042949
0.052355
0.049472
0.053727
0.072411
0.085615
0.067916
0.030758
0.028551
0.040278
0.027291
0.013058
0.0144
0.025484
0.023304
0.0023473
-0.013281
-0.0018957
-0.0087628
-0.036973
-0.035091
-0.034771
-0.035783
-0.023362
-0.014534
-0.0030276
-0.0059588
-0.0097851
-0.0035958
-0.016077
-0.029731
-0.037739
-0.045723
-0.044892
-0.047515
-0.029488
-0.0053441
-0.0081478
0.0058719
0.016806
0.016632
0.036646
0.034259
0.016566
0.0075949
0.0038804
-0.008141
-0.02593
-0.034296
-0.011853
0.024903
0.028215
0.037522
0.048143
0.023546
0.012973
0.011646
0.0012911
0.010646
0.018458
0.0076946
0.0049032
0.014653
0.019098
0.010132
0.0039328
0.0055605
0.0089025
-0.0035646
-0.030773
-0.029106
-0.016243
-0.0032812
0.010112
0.00056544
-0.018908
-0.021629
-0.02062
-0.024259
-0.027792
-0.0019664
0.014644
0.0011996
-0.0016572
-0.00082938
-0.0051097
-0.004897
-0.0082367
-0.022208
-0.018887
-0.010905
-0.016471
-0.0094487
-0.011593
-0.015821
-0.0084119
-0.006167
-0.0025111
0.015353
0.030549
0.030204
0.028593
0.026693
0.026954
0.033199
0.036669
0.041529
0.03492
0.025014
0.026907
0.021325
0.014189
0.0040924
0.0042603
0.014136
0.0045545
-0.014862
-0.0077148
0.0069966
-0.013098
-0.024069
-0.019278
-0.026765
-0.023948
-0.027985
-0.031732
-0.017907
-0.013912
-0.02431
-0.010484
0.010767
0.0090237
-0.0070055
-0.011788
-0.0019154
-0.0042683
-0.0035393
0.0056132
0.0050687
-0.012718
-0.013395
0.0078063
-0.0045196
-0.022133
-0.019896
-0.014601
0.005949
0.005973
-0.0024367
0.0011879
0.010436
0.022849
0.021045
0.010301
0.010533
0.019202
0.019418
0.019048
0.023605
0.019345
0.01635
0.020751
0.018805
0.0088384
-0.00063761
-0.001745
-0.010733
-0.015584
-0.014438
-0.018259
-0.01431
-0.011919
-0.014483
-0.018807
-0.016598
-0.015053
-0.018127
-0.017719
-0.013001
-0.0085182
-0.007383
-0.0065988
-0.0077615
-0.012331
-0.010851
-0.0066214
-0.0026549
-0.0027438
-0.0036421
0.0010673
0.0033823
0.0016735
-0.00025953
0.00247
0.0046742
0.008004
0.010655
0.0088649
0.0080631
0.0082886
0.0079702
0.0086117
0.007464
0.0063438
0.0071578
0.006519
0.0061394
0.0048767
0.0020189
0.00088506
0.00056635
0.00098933
0.0012873
0.00038665
-0.000803
-0.0012893
-0.0020954
-0.0027123
-0.0021219
-0.0019267
-0.0020683
-0.0019562
-0.0017866
-0.0012523
-0.00079156
-0.00069672
-0.00041644
-0.00016265
3.6666e-05
0.00028803
0.00040871
0
0
0
0
0
0
0
0
0
0
0
0
0
0
0
0
0
0
0
0
0
0
0
0
0
0
0
0
0
0
0
0
0
0
0
0
0
0
0
0
0
0
0
0
0
0
0
0
0
0
0
0
0
0
0
0
0
0
0
0
0
0
0
0
0
0
0
0
0
0
0
0
0
0
0
0
0
0
0
0
0
0
0
0
0
0
0
0
0
0
0
0
0
0
0
0
0
0
0
0
0
0
0
0
0
0
0
0
0
0
0
0
0
0
0
0
0
0
0
0
0
0
0
0
0
0
0
0
0
0
0
0
0
0
0
0
0
0
0
0
0
0
0
0
0
0
0
0
0
0
0
0
0
0
0
0
0
0
0
0
0
0
0
0
0
0
0
0
0
0
0
0
0
0
0
0
0
0
0
0
0
0
0
0
0
0
0
0
0
0
0
0
0
0
0
0
0
0
0
0
0
0
0
0
0
0
0
0
0
0
0
0
0
0
0
0
0
0
0
0
0
0
0
0
0
0
0
0
0
0
0
0
0
0
0
0
0
0
0
0
0
0
0
0
0
0
0
0
0
0
0
0
0
0
0
0
0
0
0
0
0
0
0
0
0
0
0
0
0
0
0
0
0
0
0
0
0
0
0
0
0
0
0
0
0
0
0
0
0
0
0
0
0
0
0
0
0
0
0
0
0
0
0
0
0
0
0
0
0
0
0
0
0
0
0
0
0
0
0
0
0
0
0
0
0
0
0
0
0
0
0
0
0
0
0
0
0
0
0
0
0
0
0
0
0
0
0
0
0
0
0
0
0
0
0
0
0
0
0
0
0
0
0
0
0
0
0
0
0
0
0
0
0
0
0
0
0
0
0
0
0
0
0
0
0
0
0
0
0
0
0
0
0
0
0
0
0
0
0
0
0
0
0
0
0
0
0
0
0
0
0
0
0
0
0
0
0
0
0
0
0
0
0
0
0
0
0
0
0
0
0
0
0
0
0
0
0
0
0
0
0
0
0
0
0
0
0
0
0
0
0
0
0
0
0
0
0
0
0
0
0
0
0
0
0
0
0
0
0
0
0
0
0
0
0
0
0
0
0
0
0
0
0
0
0
0
0
0
0
0
0
0
0
0
0
0
0
0
0
0
