-6.4452e-06
-0.0002944
-0.0018613
-0.0035401
0.0015871
0.010741
0.0058185
-0.0047418
0.0019326
0.010705
-0.0097723
-0.011132
0.005814
0.0028587
-0.0029902
-0.0012984
0.0045503
0.0062556
0.0029952
-0.00945
-0.004999
0.0073528
0.0034728
-0.0084687
-0.015683
-0.0057712
-0.010547
-0.0085508
0.0018729
-0.010522
0.0040192
0.005669
0.0024489
0.0035213
-0.014037
-0.028422
-0.018176
0.0068456
0.0040783
0.0017977
-0.0017546
-0.0068352
-0.0045202
-0.0088511
0.005663
-0.00018428
-0.015376
-0.0010342
0.001103
0.0031611
0.0042908
0.0082904
0.017403
0.0081812
0.011809
0.0034796
-0.0053799
0.0041085
-0.0015842
0.001452
-0.0021078
-0.0090863
0.011233
0.019128
0.0055906
-0.0035638
-0.011354
0.0056116
0.0090801
0.0034679
0.019635
0.001047
-0.036601
-0.034921
0.012433
0.0091245
-0.0058427
-0.0002269
-0.016563
-0.008065
0.0064639
0.0078945
0.00582
-0.0088071
-0.0078728
0.010476
0.010968
0.0052977
0.0053606
-0.0016603
0.00033616
0.0040192
0.0096291
0.0069843
-0.0054784
0.0064663
0.01584
0.011218
0.0059788
-0.0010697
-0.0035179
-0.001655
0.001297
0.0081399
-0.0075961
-0.017079
0.010411
-0.0045315
-0.0079503
0.0039169
-0.0062473
-0.010329
-0.023063
-0.021924
-0.00088603
-0.0089131
-0.0053976
0.023036
0.015009
0.00047902
-0.033982
-0.030161
0.01844
0.014514
0.017087
-0.0259
-0.02917
0.026392
-0.0094092
-0.017989
-0.0030458
0.013141
0.014578
-0.00083801
0.015592
0.009271
-0.0041443
-0.0051105
0.0010495
0.0098855
0.00027996
0.014697
0.0258
0.0031592
0.011744
0.018131
0.0053207
-0.017048
-0.01901
0.034477
0.034868
-0.0094648
-0.013616
0.0055231
0.0088838
0.009528
0.0085336
0.013065
0.039238
0.015454
-0.030993
-0.025112
0.033289
0.028482
-0.01056
-0.0045826
0.010599
0.016099
-0.01573
-0.010754
0.014098
0.00016824
0.025068
0.019423
-0.0089662
-5.0019e-05
0.0077254
0.054038
0.024274
-0.043113
0.01278
0.024514
-0.0091118
-0.02354
-0.0032614
0.016063
0.015181
0.045097
-0.007411
-0.0188
0.041841
0.0019643
0.0036442
0.020378
0.0060313
0.01536
0.010987
-0.004596
-0.02918
-0.025229
-0.0027549
-0.0056196
0.010883
0.016244
0.018234
0.01847
-0.037267
-0.047562
0.027863
0.019821
-0.027898
-0.024487
0.014237
0.035626
-0.011101
-0.045279
-0.02473
0.0036747
-0.020392
-0.046706
0.0072264
0.042002
0.0040782
-0.0033158
0.012165
-0.025711
-0.036531
0.010636
-0.0071272
-0.025626
0.030399
0.0021079
-0.037625
-0.021002
-0.030591
-0.019695
-0.014237
0.025504
0.052829
0.0074401
-0.015144
-0.014822
-0.0031608
0.014762
-0.02211
0.00059768
0.029799
-0.029082
-0.037915
-0.028134
-0.0098079
-0.0038512
-0.040289
-0.050654
-0.014183
0.043214
0.041243
-0.0043533
-0.012732
0.01488
-0.0065724
-0.048004
0.0028326
0.064251
0.051682
0.055997
0.048572
-0.0084348
-0.031876
-0.031938
-0.086151
-0.043251
0.0048118
-0.014566
0.013223
0.032099
0.021734
-0.0027967
0.025146
0.033237
0.0065691
0.035459
0.017
-0.035776
-0.040741
-0.053074
-0.073923
-0.072533
-0.041929
0.05263
0.079967
0.059112
0.067004
0.046224
0.037513
0.03706
-0.061321
-0.088887
-0.046032
-0.052056
-0.03338
-0.059096
-0.058103
0.013649
0.048518
0.029738
0.047478
0.050387
0.0033905
0.0064897
0.0067051
-0.0021647
0.037733
0.020458
-0.0043966
0.018282
0.030591
0.072997
0.053882
-0.036008
-0.065442
-0.03685
-0.020363
-0.10242
-0.201
-0.080415
0.060472
0.085156
0.1465
0.023647
-0.13412
-0.16404
-0.11505
0.016542
0.049726
0.065405
-0.041029
-0.16686
-0.053726
0.050891
0.14912
0.1732
0.085566
0.0056335
-0.10773
-0.053511
0.010385
-0.1031
-0.11257
0.023672
0.10986
0.1445
0.039094
-0.13605
-0.084478
-0.026378
-0.010564
0.085522
0.029005
-0.091119
-0.053993
-0.02134
-0.031381
-0.036155
-0.0588
-0.066937
0.0017003
0.098616
0.067303
-0.025072
0.027564
0.030811
-0.024166
-0.00040769
-0.071158
-0.16268
-0.23923
-0.30825
-0.2715
-0.13234
-0.052905
-0.076505
-0.038766
0.024502
0.089196
0.089266
0.072548
0.094932
0.042186
0.1564
0.38191
0.41308
0.27191
0.1487
0.043985
-0.041795
-0.068109
-0.081598
-0.07737
-0.035287
-0.0402
-0.12827
-0.22104
-0.2495
-0.14446
-0.024627
0.079082
0.2713
0.31754
0.11452
-0.056815
-0.14193
-0.16444
-0.096509
0.011766
0.090657
0.12173
0.089461
0.029219
0.058485
0.022464
-0.0063353
0.044366
0.042186
0.079364
0.14771
0.11096
-0.019114
-0.032561
0.053895
0.079734
0.069932
0.053457
0.047998
0.0091945
0.042982
0.12025
0.065701
0.041727
0.0039585
-0.058541
-0.042714
-0.02176
0.037552
0.087064
0.076027
0.067125
0.1003
0.11191
0.10712
0.14055
0.13923
0.06775
-0.030442
-0.11705
-0.13732
-0.061935
0.042894
0.09464
-0.010855
-0.12011
-0.089147
-0.089722
-0.083902
-0.022607
0.066671
0.14709
0.13456
0.042717
0.0017644
-0.0042275
-0.034438
-0.0615
0.00118
0.13789
0.14923
0.059851
-0.0026261
-0.067415
-0.10036
-0.10192
-0.069395
0.017387
0.072275
0.055276
0.064632
0.093018
0.070234
-0.0080761
-0.070592
-0.012201
-0.00098885
-0.10398
-0.16531
-0.1511
-0.076729
0.0074956
-0.034998
-0.12522
-0.18009
-0.20439
-0.1425
-0.034434
0.031514
0.03803
0.023605
-0.025308
-0.054834
-0.0069041
0.00073606
0.0093017
0.10838
0.13358
0.088492
0.014138
-0.085159
-0.08998
-0.060405
-0.06376
-0.072182
-0.046256
-0.019236
0.0036891
0.029826
-0.026722
-0.058988
-0.025769
-0.044791
-0.040663
-0.070593
-0.11196
-0.10468
-0.10775
-0.067503
-0.072581
-0.090934
-0.087593
-0.071615
-0.016988
-0.0011864
0.014638
0.0043167
-0.053816
-0.0027516
0.085705
0.1194
0.11604
0.081678
0.062439
0.050575
0.021986
0.025604
0.056273
0.027601
-0.0022386
-0.020516
-0.06677
-0.096075
-0.11511
-0.055482
0.053754
0.057326
0.042576
0.086967
0.06509
-0.011111
-0.027585
-0.029684
-0.05042
-0.03448
0.0055118
0.0051801
-0.03379
-0.017667
0.031725
0.059614
0.07288
0.019391
-0.0064325
0.044492
-0.019442
-0.07561
-0.014607
0.018461
0.03863
0.035404
0.060277
0.069806
0.0010416
-0.035043
-0.022327
-0.00027331
-0.039862
-0.064569
0.0057855
-0.019914
-0.071275
-0.079491
-0.04127
0.076557
0.059801
-0.010275
0.02093
-0.0094736
-0.0034032
0.042954
0.0045817
-0.002948
0.051086
0.074137
0.095052
0.074396
0.017745
0.010044
0.0076457
-0.013424
-0.020819
-0.026898
-0.022997
0.045733
0.089357
0.025366
0.0037095
0.031228
0.015709
0.035673
0.056353
0.036201
0.059642
0.059465
0.056495
0.11705
0.05408
-0.088166
-0.060132
-0.054205
-0.066559
0.073011
0.064763
-0.060302
-0.098951
-0.063322
-0.028702
0.014232
0.042228
-0.026171
-0.036907
0.03151
-0.12055
-0.15817
0.02471
-0.066408
-0.093281
0.070923
0.024827
-0.011421
0.058053
0.016485
0.022389
-0.003594
-0.11624
-0.1055
-0.018397
-0.04262
-0.05676
0.032198
0.065642
0.040424
0.0058056
-0.059275
-0.12714
-0.12534
-0.0010902
0.056069
-0.072272
-0.1079
-0.042831
0.023045
0.098322
0.037967
-0.016868
0.047591
0.048554
0.025096
0.071057
0.097656
0.015657
0.003458
0.034179
-0.0062114
-0.031229
-0.048795
-0.046088
-0.025537
-0.01238
0.0252
0.040186
0.012703
-0.00018137
0.01203
0.044589
0.054003
0.0046993
-0.015601
0.019596
0.035345
0.0043458
-0.067357
-0.049525
0.055823
0.084215
0.084109
0.096141
0.037804
0.0042602
0.020898
0.041808
0.064596
0.01486
0.0077238
0.053688
0.069385
0.072343
0.038927
-0.017664
0.016158
0.062521
0.059646
0.0014612
-0.058923
0.0022257
0.023768
0.022558
0.049051
0.0026609
-0.00291
0.010363
-0.028789
-0.038634
-0.031353
-0.029879
-0.039879
-0.051172
-0.059448
-0.059432
-0.050768
-0.042447
-0.033034
-0.034372
-0.035022
-0.02702
-0.035318
-0.028224
-0.033814
-0.076559
-0.082391
-0.046395
-0.040372
-0.04988
-0.040725
-0.043953
-0.035569
-0.027488
-0.020182
-0.013426
-0.022602
-0.015077
-0.0066553
-0.020204
-0.0062812
0.019776
0.036285
0.051557
0.044518
0.041756
0.051664
0.047775
0.042321
0.045845
0.060037
0.066313
0.057258
0.054592
0.051312
0.044772
0.044991
0.045745
0.034638
0.015337
-0.014786
-0.026721
-0.017583
-0.021567
-0.016747
-0.006364
0.014144
0.035804
0.014012
0.015918
0.025405
0.016916
0.023806
0.026317
0.02192
0.020081
0.022507
0.0202
0.027455
0.033931
0.019838
0.013123
0.013633
-0.0046636
-0.017465
-0.0090069
-0.014206
-0.028355
-0.021457
-0.020559
-0.021818
-0.019481
-0.029713
-0.035214
-0.037461
-0.047389
-0.052307
-0.054477
-0.05172
-0.047225
-0.052365
-0.054109
-0.054357
-0.053246
-0.043598
-0.034412
-0.025083
-0.029607
-0.046792
-0.049746
-0.04615
-0.03844
-0.033617
-0.023344
-0.017745
-0.026877
-0.032102
-0.028131
-0.0096618
0.012173
0.03718
0.05749
0.044723
0.03828
0.039523
0.044159
0.068287
0.065721
0.056569
0.072366
0.083375
0.0779
0.071763
0.073804
0.072357
0.067304
0.058232
0.049701
0.042258
0.02651
0.023359
0.025287
0.020829
0.018324
0.011277
0.0030776
-0.010114
-0.024255
-0.034557
-0.041395
-0.032989
-0.027138
-0.032812
-0.03679
-0.039886
-0.042815
-0.053434
-0.058296
-0.055232
-0.048709
-0.034826
-0.035239
-0.044538
-0.036848
-0.030012
-0.036133
-0.035875
-0.024175
-0.018162
-0.020306
-0.025179
-0.020347
-0.010787
-0.010788
-0.016721
-0.020305
-0.014382
-0.0097109
-0.01739
-0.024921
-0.018536
-0.0063329
-0.0058633
-0.0057836
0.0066665
0.012711
0.020823
0.03103
0.034701
0.041113
0.053123
0.050728
0.042614
0.042265
0.048217
0.048673
0.043434
0.037427
0.032546
0.024892
0.013492
0.010762
0.010596
-0.0023584
-0.010779
-0.01146
-0.02009
-0.022494
-0.016131
-0.013455
-0.014373
-0.0077059
-0.0048637
-0.01233
-0.011959
-0.0099163
-0.0094137
-0.0060522
-0.004614
-0.0096354
-0.0037583
0.0076558
0.0078678
0.0038086
0.0030924
0.0070978
0.0041343
-0.00016036
0.0038968
0.0061864
0.0026403
-0.00027968
0.0026538
0.0054161
0.00030198
-0.0051978
-0.0024535
9.7126e-05
-0.0011373
-0.0031149
-0.0054644
-0.0060112
-0.0047024
-0.0027592
-0.00010791
0.0019476
0.003204
0.0033304
0.0025153
0.0015462
0.0020759
0.0015646
-0.00014847
0.00011707
8.8546e-05
-0.000802
-0.00128
-0.0011871
-0.00085587
-0.0011973
-0.0011584
-0.00040036
4.9604e-05
3.6076e-05
-9.5533e-05
-1.3218e-05
-0.00010241
-0.00013184
3.1231e-06
-4.9318e-05
-4.6852e-05
0
0
0
0
0
0
0
0
0
0
0
0
0
0
0
0
0
0
0
0
0
0
0
0
0
0
0
0
0
0
0
0
0
0
0
0
0
0
0
0
0
0
0
0
0
0
0
0
0
0
0
0
0
0
0
0
0
0
0
0
0
0
0
0
0
0
0
0
0
0
0
0
0
0
0
0
0
0
0
0
0
0
0
0
0
0
0
0
0
0
0
0
0
0
0
0
0
0
0
0
0
0
0
0
0
0
0
0
0
0
0
0
0
0
0
0
0
0
0
0
0
0
0
0
0
0
0
0
0
0
0
0
0
0
0
0
0
0
0
0
0
0
0
0
0
0
0
0
0
0
0
0
0
0
0
0
0
0
0
0
0
0
0
0
0
0
0
0
0
0
0
0
0
0
0
0
0
0
0
0
0
0
0
0
0
0
0
0
0
0
0
0
0
0
0
0
0
0
0
0
0
0
0
0
0
0
0
0
0
0
0
0
0
0
0
0
0
0
0
0
0
0
0
0
0
0
0
0
0
0
0
0
0
0
0
0
0
0
0
0
0
0
0
0
0
0
0
0
0
0
0
0
0
0
0
0
0
0
0
0
0
0
0
0
0
0
0
0
0
0
0
0
0
0
0
0
0
0
0
0
0
0
0
0
0
0
0
0
0
0
0
0
0
0
0
0
0
0
0
0
0
0
0
0
0
0
0
0
0
0
0
0
0
0
0
0
0
0
0
0
0
0
0
0
0
0
0
0
0
0
0
0
0
0
0
0
0
0
0
0
0
0
0
0
0
0
0
0
0
0
0
0
0
0
0
0
0
0
0
0
0
0
0
0
0
0
0
0
0
0
0
0
0
0
0
0
0
0
0
0
0
0
0
0
0
0
0
0
0
0
0
0
0
0
0
0
0
0
0
0
0
0
0
0
0
0
0
0
0
0
0
0
0
0
0
0
0
0
0
0
0
0
0
0
0
0
0
0
0
0
0
0
0
0
0
0
0
0
0
0
0
0
0
0
0
0
0
0
0
0
0
0
0
0
0
0
0
0
0
0
0
0
0
0
0
0
0
0
0
0
0
0
0
0
0
0
0
0
0
0
0
0
0
0
0
0
0
0
0
0
0
0
0
0
0
0
0
0
0
0
