0.024301
0.02301
0.028391
0.032426
0.01667
-0.0011637
-0.015581
-0.0055128
-0.018977
-0.042342
-0.017881
-0.020385
-0.0083487
0.031757
0.027917
0.046783
0.032935
-0.0081426
-0.025846
-0.065898
-0.05788
-0.024531
-0.012226
0.0048764
0.017179
0.047808
0.026013
-0.014605
-0.0049087
-0.027233
-0.04471
-0.026236
-0.024203
-0.030977
-0.049892
-0.089538
-0.033405
-0.012694
-0.035383
0.050498
0.046804
0.030652
0.092981
0.075908
0.076461
0.076111
0.045713
0.069393
0.10212
0.10487
0.069682
0.022289
-0.065709
-0.12956
-0.16775
-0.16466
-0.10741
-0.052358
0.016977
0.084387
0.14136
0.17686
0.14829
0.048833
-0.056602
-0.16497
-0.13939
-0.062202
-0.076103
0.0065357
0.040615
0.061774
0.071728
0.00032767
-0.025581
-0.032826
-0.024979
0.015404
0.09518
0.143
0.1866
0.22386
0.17826
0.079655
-0.044702
-0.094704
-0.10446
-0.15356
-0.15765
-0.065583
0.077247
0.14783
0.23441
0.28914
0.25992
0.24796
0.17254
0.097941
0.063
0.092266
0.13448
0.15067
0.14316
0.11899
0.074472
-0.045026
-0.16466
-0.26468
-0.33968
-0.33458
-0.29083
-0.28952
-0.24322
-0.17691
-0.17858
-0.15554
-0.14041
-0.12471
-0.075997
-0.0056323
0.09284
0.19453
0.24844
0.32085
0.32996
0.24166
0.10416
-0.09447
-0.11781
-0.11228
-0.11238
-0.07894
-0.037255
0.13811
0.23801
0.18675
0.038467
-0.27807
-0.52455
-0.53501
-0.54429
-0.45543
-0.15971
-0.050198
-0.087554
-0.071722
-0.12705
-0.10668
0.0096037
0.11294
0.287
0.36283
0.32684
0.31417
0.23301
0.05138
-0.046004
0.0069022
-0.029688
-0.075559
0.010189
-0.053641
-0.11773
-0.10513
-0.14798
0.0067392
0.15066
0.073426
0.11409
0.20934
0.22864
0.21067
0.23519
0.29127
0.24544
0.18952
0.11831
0.035738
0.043096
0.033903
-0.072084
-0.16346
-0.20079
-0.18549
0.0092191
0.13535
0.17554
0.26002
0.19665
0.11603
0.095951
-0.026525
-0.20433
-0.32003
-0.28163
-0.19636
-0.16265
-0.13629
-0.10292
-0.0806
-0.12579
-0.10258
0.0089906
0.044685
0.031607
-0.00081856
-0.039106
0.01501
0.040107
0.017388
0.061015
0.042302
-0.011234
0.039997
0.028155
-0.065792
-0.13864
-0.18703
-0.1695
-0.079879
-0.045211
-0.088413
-0.10672
-0.086376
-0.056692
-0.051307
-0.055719
-0.014443
0.0045298
0.050649
0.12274
0.081227
0.039399
-0.028842
-0.15759
-0.21748
-0.19896
-0.19766
-0.17868
-0.072905
0.075854
0.21862
0.27863
0.25607
0.098641
-0.060683
-0.11418
-0.14382
-0.08143
-0.08512
-0.15757
-0.13461
-0.13209
-0.13572
-0.090314
-0.13874
-0.18247
-0.069812
0.045174
0.14929
0.23747
0.21414
0.20234
0.23456
0.20326
0.21162
0.23961
0.18343
0.12311
0.098933
0.089827
0.11063
0.12361
0.091867
-0.015746
-0.12997
-0.083603
0.00098793
0.021531
0.043316
0.049134
0.044675
0.01591
-0.047039
-0.042646
-0.039096
-0.058833
0.049596
0.15509
0.11664
0.068887
0.031787
-0.048043
-0.096768
-0.085193
-0.12363
-0.16332
-0.14891
-0.14271
-0.11917
-0.098301
-0.10631
-0.087375
-0.061626
-0.045293
0.010437
0.071772
0.094869
0.1011
0.12817
0.12032
0.102
0.10354
0.072032
0.046449
0.021112
-0.034284
-0.040022
-0.024784
-0.042402
-0.032384
0.021299
0.054422
0.052933
0.039963
-0.019743
-0.073633
-0.0456
0.0044152
0.043328
0.10772
0.14452
0.16028
0.18752
0.18108
0.13742
0.080425
0.039256
-0.0089876
-0.072149
-0.097644
-0.11086
-0.12257
-0.12541
-0.073589
-0.01998
-0.0015965
-0.0018555
-0.048
-0.065148
-0.059744
-0.049831
0.032772
0.1164
0.14351
0.14945
0.11852
0.053703
-0.026857
-0.062436
-0.058888
-0.0074964
0.07055
0.057305
0.013398
0.017883
-0.0067013
-0.031292
-0.0053812
0.0059744
-0.017698
-0.029413
-0.0064852
0.015932
0.00050075
-0.043018
-0.069528
-0.083346
-0.12662
-0.15802
-0.16511
-0.19245
-0.20499
-0.17459
-0.15067
-0.15625
-0.1442
-0.10374
-0.064496
-0.033986
0.012997
0.061141
0.073611
0.042939
-0.014441
-0.079522
-0.1143
-0.124
-0.10897
-0.023303
0.046884
0.082961
0.11862
0.106
0.070716
0.062461
0.075117
0.12135
0.16544
0.18975
0.21455
0.19222
0.14125
0.12391
0.087625
0.037563
0.032137
0.017628
0.0038883
0.0027634
-0.019397
-0.041051
-0.055752
-0.062637
-0.068813
-0.060762
-0.068983
-0.10452
-0.11106
-0.12106
-0.12839
-0.12253
-0.12322
-0.12976
-0.13784
-0.13764
-0.14006
-0.12659
-0.10075
-0.063864
-0.0030625
0.016345
0.02297
0.026532
0.015124
0.0092704
0.016575
0.040198
0.053923
0.073043
0.090232
0.10642
0.14047
0.15823
0.16258
0.17226
0.1772
0.16779
0.15189
0.13187
0.09281
0.06452
0.072308
0.085198
0.087197
0.080146
0.059132
0.048167
0.044599
0.046021
0.041535
0.0087093
-0.017178
-0.029906
-0.041024
-0.029577
-0.018252
-0.011952
-0.017775
-0.047937
-0.074742
-0.094165
-0.10119
-0.090752
-0.080453
-0.071431
-0.064689
-0.08205
-0.1034
-0.10992
-0.099831
-0.091846
-0.083544
-0.064328
-0.049677
-0.031694
-0.018274
0.00071639
0.041869
0.057745
0.054254
0.059939
0.051104
0.031146
0.021063
0.018639
0.036053
0.057975
0.0714
0.095574
0.10285
0.11143
0.11802
0.10665
0.098202
0.085667
0.064383
0.04143
0.032976
0.031073
0.026465
0.029713
0.020855
0.0065959
-0.0010893
-0.01205
-0.015499
-0.017301
-0.01249
0.0058524
0.010464
0.0081971
-0.0002219
-0.02835
-0.06741
-0.10659
-0.13641
-0.15214
-0.14784
-0.13013
-0.1179
-0.10171
-0.071575
-0.051277
-0.039263
-0.030146
-0.033892
-0.053927
-0.071508
-0.07452
-0.060406
-0.044683
-0.032833
-0.013734
0.00045983
0.013272
0.025713
0.034588
0.038728
0.035949
0.027907
0.012983
-0.0053966
-0.0054994
0.0060862
0.020467
0.052445
0.074407
0.068385
0.070467
0.062211
0.038057
0.0086104
-0.025312
-0.043186
-0.05349
-0.0679
-0.070613
-0.059216
-0.05325
-0.038341
-0.020933
-0.017396
-0.021148
-0.035145
-0.044334
-0.044206
-0.045408
-0.036175
-0.030671
-0.029242
-0.017246
-0.0027007
0.018136
0.04027
0.04978
0.049377
0.036777
0.01899
0.0036321
0.00068319
0.010493
0.02063
0.041157
0.055433
0.061631
0.066433
0.058477
0.057786
0.070788
0.074088
0.071408
0.068033
0.053114
0.035729
0.030171
0.022831
0.0085565
-0.002032
-0.017045
-0.033218
-0.038936
-0.04456
-0.041626
-0.037131
-0.05224
-0.068801
-0.079688
-0.085587
-0.07396
-0.055091
-0.024845
0.0073079
0.020438
0.027488
0.022988
0.016854
0.025945
0.028905
0.024268
0.02648
0.025492
0.026161
0.030961
0.033105
0.03776
0.053372
0.060827
0.072971
0.086683
0.083211
0.08488
0.081897
0.072969
0.074016
0.061826
0.041073
0.032909
0.022647
0.010611
-0.0047583
-0.025542
-0.047289
-0.068527
-0.081064
-0.080743
-0.072463
-0.065152
-0.06082
-0.051496
-0.044659
-0.040861
-0.050127
-0.058661
-0.056336
-0.066631
-0.069757
-0.057689
-0.053083
-0.055593
-0.055653
-0.049069
-0.040213
-0.041029
-0.040455
-0.03991
-0.035197
-0.022481
-0.015522
-0.0025881
0.013888
0.030054
0.045285
0.052812
0.064069
0.073632
0.082352
0.083536
0.080109
0.083504
0.076975
0.060246
0.046983
0.034978
0.028469
0.028629
0.034556
0.045355
0.047024
0.033682
0.015983
0.0012265
-0.011809
-0.019092
-0.027262
-0.032149
-0.026557
-0.019025
-0.01761
-0.018678
-0.021097
-0.028826
-0.031628
-0.03498
-0.043923
-0.043551
-0.032109
-0.021532
-0.013041
-0.0050712
-0.0049714
-0.011569
-0.00893
-0.011432
-0.022648
-0.028986
-0.032845
-0.027081
-0.0050651
0.014218
0.027051
0.028643
0.017564
0.0063248
0.0028709
0.0019767
0.0038735
0.0025287
0.0032273
0.013169
0.017447
0.022126
0.030919
0.0317
0.038806
0.046053
0.043699
0.038226
0.026316
0.012211
0.0022009
-0.0024213
-0.011985
-0.020193
-0.021117
-0.024287
-0.028925
-0.024896
-0.029349
-0.032417
-0.022651
-0.019114
-0.018732
-0.018413
-0.019402
-0.015118
-0.003898
0.011288
0.021068
0.020784
0.016273
0.011847
0.0065363
0.0040881
-0.005591
-0.019191
-0.020333
-0.019295
-0.023274
-0.027723
-0.019979
-0.0098632
-0.0059361
0.0020829
0.011597
0.017375
0.02139
0.023117
0.020533
0.019276
0.014875
0.0053121
0.0016592
-0.0056642
-0.0077368
-0.0015397
0.0064022
0.01795
0.020015
0.011681
0.0028854
-0.00067061
-0.004431
0.0011349
0.010153
0.0069622
0.0063082
0.003526
-0.0070184
-0.007198
-0.0043652
-0.004568
-0.0029104
-0.0040964
-0.010307
-0.015812
-0.014898
-0.021329
-0.023673
-0.011888
-0.011963
-0.01676
-0.0079254
-0.0037414
-0.0050535
-0.0061753
-0.0062232
-0.011043
-0.020384
-0.019453
-0.017677
-0.019541
-0.018349
-0.018669
-0.017118
-0.0090777
-0.0052889
-0.013503
-0.015499
-0.0067841
0.00068991
0.0090993
0.022197
0.031762
0.038924
0.043174
0.046703
0.05
0.050111
0.045717
0.034685
0.032731
0.035506
0.031634
0.027266
0.025216
0.023328
0.019906
0.020529
0.019758
0.014797
0.012066
0.0084603
0.00314
-0.0042989
-0.015651
-0.020686
-0.023285
-0.028324
-0.033381
-0.042432
-0.048844
-0.047742
-0.042837
-0.039419
-0.039189
-0.034722
-0.035612
-0.038589
-0.034224
-0.029976
-0.026096
-0.016189
-0.0072164
0.00062079
0.0075136
0.011726
0.012942
0.013061
0.015305
0.01509
0.011956
0.0065837
0.002371
0.0015201
0.0017483
0.0059799
0.014482
0.0152
0.012574
0.010964
0.0097951
0.009307
0.0088659
0.010821
0.016097
0.02219
0.02288
0.019855
0.01702
0.0095354
0.0070912
0.0096135
0.0088022
0.0091463
0.0091497
0.0080886
0.0030863
-0.0054553
-0.011462
-0.023843
-0.03298
-0.029722
-0.030443
-0.031377
-0.029913
-0.029249
-0.022659
-0.014557
-0.015456
-0.016386
-0.016193
-0.017583
-0.016623
-0.0093824
-0.0010972
0.0034847
0.0081074
0.014883
0.023705
0.027098
0.0265
0.027596
0.027036
0.025948
0.018408
0.00911
0.0064764
0.0023071
0.00032612
0.0025472
0.0059669
0.014431
0.022777
0.025285
0.022397
0.016295
0.013928
0.00811
0.0036397
0.0040379
0.00071451
-0.0013547
0.00098529
-0.0021279
-0.0095486
-0.011946
-0.018187
-0.0234
-0.028113
-0.033358
-0.030378
-0.027979
-0.026727
-0.024887
-0.0286
-0.028893
-0.027037
-0.021309
-0.014956
-0.015651
-0.01521
-0.014619
-0.016189
-0.011423
-0.0062891
-0.0083254
-0.011184
-0.0072499
-0.0028275
0.0052541
0.016918
0.025428
0.034838
0.037955
0.032425
0.034532
0.041778
0.043579
0.04797
0.05048
0.053312
0.052959
0.049927
0.047148
0.043395
0.039686
0.029621
0.020955
0.018073
0.01103
0.0019343
-0.0077145
-0.016872
-0.016591
-0.015512
-0.016501
-0.015631
-0.015947
-0.01565
-0.012704
-0.0051701
-0.0036301
-0.012661
-0.015971
-0.026342
-0.032474
-0.027491
-0.03002
-0.030026
-0.028062
-0.026888
-0.021935
-0.022892
-0.017998
-0.012482
-0.01493
-0.012784
-0.0057623
0.003389
0.0099418
0.016585
0.022283
0.024499
0.023084
0.025314
0.029467
0.031082
0.029821
0.027701
0.025745
0.028256
0.027963
0.02331
0.019716
0.017005
0.016673
0.017134
0.018001
0.020236
0.0166
0.014064
0.0027938
-0.010967
-0.019941
-0.031025
-0.035324
-0.041769
-0.04704
-0.045785
-0.051166
-0.05452
-0.054396
-0.054365
-0.049241
-0.047294
-0.043061
-0.041584
-0.043677
-0.041443
-0.037672
-0.032457
-0.027951
-0.021208
-0.010802
-0.0018856
0.0054402
0.0088608
0.014718
0.023769
0.027652
0.033882
0.037451
0.034817
0.035484
0.032836
0.033301
0.037987
0.037643
0.03772
0.034807
0.035301
0.035919
0.033261
0.027191
0.019703
0.014301
0.0042142
-0.0040216
-0.0083521
-0.014657
-0.020895
-0.029752
-0.039107
-0.044059
-0.044755
-0.043095
-0.044197
-0.042303
-0.035216
-0.030526
-0.026463
-0.014613
-0.010606
-0.0042882
0.0009143
0.0039348
0.015953
0.022589
0.027983
0.037936
0.038493
0.041139
0.035582
0.032251
0.036558
0.034339
0.03446
0.034682
0.034534
0.034475
0.03327
0.030647
0.021922
0.0156
0.0082815
0.0011618
-0.0013377
-0.010359
-0.0174
-0.028411
-0.039981
-0.051141
-0.061478
-0.063874
-0.061174
-0.057647
-0.055856
-0.048149
-0.034689
-0.02885
-0.027022
-0.022285
-0.013965
-0.0045383
0.0035121
0.0092967
0.012562
0.020463
0.020502
0.014929
0.018055
0.022106
0.025387
0.033564
0.03378
0.036577
0.047182
0.050179
0.056068
0.062258
0.05768
0.054989
0.047107
0.043112
0.04175
0.031771
0.021454
0.013287
0.0047768
-0.0056041
-0.010081
-0.015566
-0.024812
-0.032925
-0.04506
-0.052435
-0.057141
-0.062798
-0.063457
-0.065479
-0.064815
-0.062202
-0.057149
-0.051048
-0.049238
-0.046235
-0.043752
-0.042468
-0.0343
-0.027561
-0.022353
-0.017799
-0.0094787
0.00077227
0.0087067
0.018051
0.026292
0.033623
0.039851
0.043918
0.047384
0.053944
0.057418
0.056159
0.057008
0.058141
0.054624
0.051981
0.044986
0.039227
0.035593
0.025045
0.018013
0.015035
0.012423
0.0078666
0.0029899
0.0028851
0.0039032
-0.00051841
-0.0087379
-0.011553
-0.0090573
-0.011448
-0.018467
-0.024811
-0.022243
-0.022956
-0.03006
-0.035133
-0.034512
-0.033645
-0.03426
-0.032387
-0.027076
-0.020979
-0.021189
-0.022122
-0.013511
-0.0045318
0.0015587
0.0055526
0.0080815
0.016258
0.02011
0.017487
0.018458
0.018593
0.017678
0.016475
0.01689
0.019317
0.018504
0.018819
0.018636
0.018331
0.01863
0.018344
0.01847
0.018473
0.018455
0.016696
0.014347
0.017746
0.014257
0.008214
0.0061916
0.0033967
0.00055805
-0.0061148
-0.0072387
-0.0069408
-0.007825
-0.0087404
-0.015839
-0.023106
-0.020555
-0.019338
-0.019884
-0.020359
-0.018436
-0.013969
-0.015266
-0.017121
-0.015025
-0.017245
-0.021975
-0.02383
-0.020319
-0.015868
-0.012437
-0.0096519
-0.0037717
0.0036583
0.005621
0.0054027
0.0055839
0.0053108
0.0043604
0.0020227
0.0033354
0.010104
0.017553
0.020954
0.018022
0.018851
0.019246
0.017655
0.014567
0.0080419
0.0051528
0.0057879
0.0036877
0.0057508
0.0069946
0.0046999
0.0044352
0.003804
0.0018749
-0.00097526
-0.0024623
-0.0054178
-0.0064626
-0.0063182
-0.012103
-0.01776
-0.015835
-0.014472
-0.014402
-0.01427
-0.014023
-0.012404
-0.01053
-0.009496
-0.0055092
0.00030882
0.00028183
-0.0006667
0.0055964
0.0075806
0.0075323
0.0077307
0.0062932
0.0075269
0.0067332
0.0063941
0.006776
0.0047732
-0.0016081
-0.0070357
-0.0046764
-0.001047
0.0026002
0.0052856
0.0019369
-0.0013084
-0.0032005
-0.0074127
-0.0064658
-0.0057635
-0.0069527
-0.0082798
-0.010624
-0.0064973
-0.0063767
-0.0071772
-0.0052974
-0.0066848
-0.0064409
-0.0062908
-0.0065662
-0.0063337
-0.007086
-0.0083455
-0.0092117
-0.004362
0.003832
0.0093511
0.015768
0.014086
0.013299
0.014222
0.010724
0.0064877
0.0014135
-0.0024421
-0.0056275
-0.010818
-0.011401
-0.011812
-0.010326
-0.010426
-0.011439
-0.0092274
-0.010878
-0.011932
-0.011452
-0.0099012
-0.0063939
-0.0072209
-0.0070374
-0.0047985
-0.0039376
-0.0040433
-0.0080449
-0.006389
-0.0044884
-0.001752
0.0037891
0.0039602
0.0040706
0.0049054
0.0020901
0.0066418
0.0083906
0.0058644
0.0073646
0.0070093
0.0086532
0.012665
0.014236
0.013289
0.013661
0.013755
0.012296
0.012166
0.012584
0.0091658
0.0071886
0.0058336
0.0051163
0.006245
0.0056941
0.0053446
0.005958
0.0052575
0.0044056
0.0032527
0.0044546
0.0041131
0.0025304
0.0020963
0.0013135
0.0016498
-0.001524
-0.0057813
-0.0051926
-0.0044854
-0.0052658
-0.006449
-0.0058184
-0.0028885
-0.0027613
-0.0026826
-0.0041262
-0.0037175
-0.0031295
-0.003179
-0.0013099
-0.00072399
0.0005545
0.0026919
0.00040436
0.0031614
0.0046346
0.0029624
0.0038367
0.002727
0.0024262
0.0025831
0.0023879
0.0022497
0.0019395
0.0016587
0.00081743
0.00092572
0.0018002
0.0010406
0.00084432
0.00018487
-0.0020989
-0.0038237
-0.0036478
-0.0034644
-0.0034673
-0.0031131
-0.0038455
-0.0047472
-0.0040461
-0.0051509
-0.005068
-0.0042914
-0.0045753
-0.0034394
-0.0029994
-0.0024746
-0.0017315
-0.0011387
2.8641e-05
0.00074673
0.0016788
0.0031159
0.0031839
0.0031248
0.0025586
0.0023417
0.0022443
0.0017991
0.0018243
0.001924
0.0017018
0.0014327
0.0012481
0.0013202
0.0012911
0.0011477
0.00073279
0.00025651
0.00035805
0.00041537
0.00031886
0.00040072
0.00030188
-1.336e-05
-0.00028143
-0.00037184
-0.00038425
-0.00049579
-0.00044437
-0.00055292
-0.00053984
-0.00051892
-0.00056325
-0.0004803
-0.00046441
-0.00043484
-0.00040619
-0.00042298
-0.00036461
-0.00035874
-0.00038343
-0.000377
-0.00039126
-0.00038412
-0.00038639
0
0
0
0
0
0
0
0
0
0
0
0
0
0
0
0
0
0
0
0
0
0
0
0
0
0
0
0
0
0
0
0
0
0
0
0
0
0
0
0
0
0
0
0
0
0
0
0
0
0
0
0
0
0
0
0
0
0
0
0
0
0
0
0
0
0
0
0
0
0
0
0
0
0
0
0
0
0
0
0
0
0
0
0
0
0
0
0
0
0
0
0
0
0
0
0
0
0
0
0
0
0
0
0
0
0
0
0
0
0
0
0
0
0
0
0
0
0
0
0
0
0
0
0
0
0
0
0
0
0
0
0
0
0
0
0
0
0
0
0
0
0
0
0
0
0
0
0
0
0
0
0
0
0
0
0
0
0
0
0
0
0
0
0
0
0
0
0
0
0
0
0
0
0
0
0
0
0
0
0
0
0
0
0
0
0
0
0
0
0
0
0
0
0
0
0
0
0
0
0
0
0
0
0
0
0
0
0
0
0
0
0
0
0
0
0
0
0
0
0
0
0
0
0
0
0
0
0
0
0
0
0
0
0
0
0
0
0
0
0
0
0
0
0
0
0
0
0
0
0
0
0
0
0
0
0
0
0
0
0
0
0
0
0
0
0
0
0
0
0
0
0
0
0
0
0
0
0
0
0
0
0
0
0
0
0
0
0
0
0
0
0
0
0
0
0
0
0
0
0
0
0
0
0
0
0
0
0
0
0
0
0
0
0
0
0
0
0
0
0
0
0
0
0
0
0
0
0
0
0
0
0
0
0
0
0
0
0
0
0
0
0
0
0
0
0
0
0
0
0
0
0
0
0
0
0
0
0
0
0
0
0
0
0
0
0
0
0
0
0
0
0
0
0
0
0
0
0
0
0
0
0
0
0
0
0
0
0
0
0
0
0
0
0
0
0
0
0
0
0
0
0
0
0
0
0
0
0
0
0
0
0
0
0
0
0
0
0
0
0
0
0
0
0
0
0
0
0
0
0
0
0
0
0
0
0
0
0
0
0
0
0
0
0
0
0
0
0
0
0
0
0
0
0
0
0
0
0
0
0
0
0
0
0
0
0
0
0
0
0
0
0
0
0
0
0
0
0
0
0
0
0
0
0
0
0
0
0
0
0
0
0
0
0
0
0
0
0
0
0
