0.0081995
0.012145
0.0019397
-0.012349
-0.001915
0.0080665
0.0091135
0.002144
-0.0045661
-0.0058662
-0.0048469
0.0040689
0.0034287
0.0058471
0.0078719
-0.0051429
-0.0046696
0.012288
0.0076703
0.0034592
0.0052009
0.00042868
0.0018183
-0.0049355
-0.001249
-0.0002284
-0.0082011
0.0064619
-0.00071919
-0.0051622
0.0059747
-0.0040174
-0.0077022
0.0062108
0.0024887
-0.006808
-0.0059079
0.0098485
0.001307
-0.011734
-0.00096441
-0.0032109
-0.018238
-0.0071643
0.015736
-0.0059079
0.0027994
0.029872
-0.014527
0.0075202
0.019813
-0.025361
-0.0095163
0.016454
0.014285
0.0038727
0.0052721
0.0048552
-0.0212
-0.007921
0.020914
0.0044558
-0.0062734
0.028511
0.0043867
-0.021181
0.013393
0.015684
-0.020286
-0.0018825
0.023169
-0.011699
-0.0028112
0.014103
-0.018465
-0.0008767
-0.0035446
-0.027504
0.0033823
0.002909
0.0022384
0.0094903
-0.0097253
-0.030909
-0.023649
0.018419
0.031777
0.060797
0.1094
0.089333
0.077143
0.093731
0.07939
0.076543
0.058399
-0.010248
-0.10354
-0.19006
-0.25622
-0.2671
-0.19987
-0.17091
-0.17739
-0.081488
-0.023291
-0.032094
0.10529
0.2146
0.14485
0.23843
0.22256
0.15412
0.10021
-0.028148
-0.03864
-0.063803
-0.062211
0.0039522
-0.034997
-0.068643
-0.049228
-0.057635
-0.11852
-0.080404
-0.029991
-0.071824
-0.063057
-0.082524
-0.015081
0.10464
0.052322
0.083909
0.071214
-0.0087575
0.034258
0.034097
0.058089
0.055887
0.0039724
0.092195
0.082219
-0.040666
-0.082764
-0.1123
-0.06641
-0.021176
-0.030714
0.019123
0.033586
-0.028681
0.022288
0.066144
0.031813
0.025962
0.02887
0.0092559
0.024421
0.015845
0.0031032
0.0068889
-0.057096
-0.096174
-0.050391
-0.073306
-0.14738
-0.12077
-0.014056
0.1055
0.10264
0.020361
0.055972
0.061791
-0.0065743
-0.030318
-0.0016174
0.023852
0.0038863
0.044451
0.059276
0.11777
0.1796
0.16125
0.10099
0.019908
0.16236
0.082278
-0.20018
-0.28764
-0.22137
-0.12488
-0.061759
-0.10108
-0.13368
-0.10781
-0.11781
-0.089493
0.0076734
0.11584
0.10547
0.095578
0.20805
0.25793
0.14359
0.12625
0.19966
0.15496
0.042321
-0.033333
-0.07445
-0.063312
-0.06374
-0.10992
-0.12634
-0.16404
-0.1189
0.020461
-0.15435
-0.097017
0.22483
-0.09823
0.029323
0.40631
0.24799
0.11039
0.041089
0.069658
-0.30834
-0.27648
0.46015
0.17155
-0.3676
-0.27003
-0.0036925
0.2805
-0.032269
-0.48178
-0.29071
0.090028
0.011542
0.075362
0.61726
0.58485
0.14261
-0.047951
-0.28935
-0.26323
0.042573
-0.096319
-0.39068
-0.54203
-0.1906
0.012969
-0.13656
-0.054778
-0.18723
-0.25437
-0.22748
-0.27331
-0.1227
0.24693
-0.10357
-0.29855
0.022991
0.12641
0.37023
0.50009
0.40114
0.049354
-0.32011
-0.2367
0.005048
0.39489
0.36933
-0.20727
-0.39236
-0.042936
0.39403
0.45254
0.15105
0.14311
0.1034
0.052947
0.25813
0.15793
0.026013
0.23085
0.22152
-0.050157
-0.32558
-0.54367
-0.17282
0.24288
-0.12736
-0.30192
-0.069509
0.18438
0.27626
0.10304
0.039434
0.1104
0.036384
0.15366
0.33329
0.077784
-0.27207
-0.4246
-0.18278
0.18367
0.022832
-0.28849
-0.26574
-0.158
0.22241
0.19129
-0.29706
-0.068467
0.16024
0.067607
-0.18444
-0.21361
0.20035
0.34782
0.22091
0.084513
-0.097132
0.084957
0.05237
-0.28963
-0.074225
0.18959
0.092348
0.0038327
-0.058364
-0.11298
-0.16687
-0.11963
0.20995
0.3252
0.076018
-0.096113
-0.0072675
-0.0404
-0.12651
-0.094575
0.020874
0.11922
-0.063877
-0.01893
0.036919
-0.13795
-0.20086
-0.22305
-0.16684
-0.039143
0.12525
0.1375
-0.1095
-0.028447
0.20054
0.09531
0.011911
0.05649
0.002826
-0.13852
-0.099858
0.0079284
0.054568
0.14845
0.097315
-0.061673
-0.13477
0.0015208
0.036938
-0.090075
0.058508
0.11959
0.088041
0.034339
-0.14163
-0.26714
-0.2164
-0.078374
-0.054448
-0.03392
0.025943
-0.04888
-0.047102
0.011356
-0.060599
-0.11009
0.026047
0.018181
-0.046471
0.054087
0.14426
0.16615
0.025328
-0.080066
-0.11311
-0.079269
-0.018901
-0.071625
-0.1059
-0.10149
-0.075883
-0.036886
-0.033584
-0.02747
0.059006
0.13411
0.12635
0.048983
0.044154
0.042368
-0.020431
0.085691
0.11875
0.011204
-0.065693
-0.075081
-0.024702
0.076681
0.1119
0.076772
0.053627
-0.10283
-0.14035
-0.019433
0.068822
0.026915
0.083364
0.05353
0.0051047
0.067971
0.043421
0.0413
-0.044184
-0.1213
-0.094943
0.041982
0.11829
0.094986
0.15309
0.19133
0.1566
0.12668
0.067045
0.020048
0.016121
0.087716
0.12459
0.09553
0.037708
0.0010495
-0.062087
-0.15434
-0.1333
-0.082935
-0.093291
-0.043702
-0.023841
-0.0088995
0.051252
0.00045894
0.020649
0.015705
0.061175
0.086604
0.020497
-0.083896
-0.078598
0.0092633
-0.011725
-0.024004
-0.0013587
0.054776
0.086948
-0.043819
-0.056046
0.053773
0.10853
0.10139
0.076395
0.10208
0.057301
-0.065363
-0.23333
-0.16184
0.078959
0.014449
0.015007
0.016809
-0.076238
-0.048214
-0.091488
-0.14917
-0.090216
0.0078335
-0.050882
-0.08573
0.027059
-0.026447
-0.05003
-4.7399e-05
-0.11631
-0.074791
0.036617
0.036307
0.01129
0.045201
0.10346
0.05357
-0.10091
-0.11853
-0.01614
-0.031226
-0.082328
-0.096588
-0.072623
0.007591
0.13955
0.097276
-0.033002
-0.034015
0.066706
0.1375
0.026325
-0.060455
-0.033974
0.062693
0.094365
0.056461
-0.022247
-0.007605
0.03822
0.00019673
0.004189
0.0011506
0.0047979
-0.02777
-0.099726
-0.087346
-0.070576
-0.057487
-0.11353
-0.11323
-0.014768
0.014036
0.069103
0.072175
0.03203
-0.0034113
-0.080328
-0.07079
0.054046
0.0042991
-0.04082
0.008008
-0.025782
-0.0044549
0.069466
0.04027
0.046408
0.094121
0.043821
-0.042956
-0.074696
-0.079853
0.0034449
0.025265
-0.070771
-0.058093
0.016298
0.069163
0.076378
0.07681
0.11407
0.094211
0.074736
0.088317
0.06044
0.059856
0.048371
0.052668
0.062029
0.038576
0.055194
0.020949
0.001281
0.0046462
-0.033569
-0.07245
-0.092581
-0.054711
-0.051903
-0.11272
-0.10344
-0.025781
0.04239
-0.0046656
0.018033
0.05755
-0.014038
-0.041238
-0.0084147
0.03988
0.049234
0.015334
0.046044
0.065184
0.056961
0.031986
-0.0093332
-0.011852
0.037649
0.034299
-0.0087304
0.019624
0.017541
0.017744
0.049159
0.041058
0.030839
0.050687
-0.027282
-0.14689
-0.102
-0.0079473
-0.019472
-0.064862
-0.052511
-0.023709
-0.031873
-0.09324
-0.12666
-0.073226
-0.0073675
0.019627
0.057978
0.079391
0.028527
-0.041435
-0.030444
0.044414
0.054322
-0.0024148
-0.053218
-0.064806
-0.01754
0.040945
0.068312
0.047352
0.020358
-0.0037913
-0.035592
-0.045198
-0.011075
0.03734
0.033295
-0.031339
-0.024642
0.0371
0.042454
0.016101
-0.053801
-0.092864
-0.040097
0.0061639
0.013373
-0.045223
-0.046526
0.056196
0.042545
-0.019201
-0.0086686
0.0056693
-0.0076735
-0.017509
-0.03783
-0.02724
0.014177
-0.007595
-0.0046172
0.044056
0.024992
0.0011567
0.016781
0.030778
0.021486
0.026499
0.071751
0.032394
-0.049196
-0.010729
0.033773
0.022568
0.016616
-0.02204
-0.044479
-0.025137
-0.024264
0.016419
0.041493
-0.014168
-0.02136
0.031194
0.025214
-0.04565
-0.059298
-0.044624
-0.066217
-0.034208
0.0017327
0.010532
-0.010301
-0.046713
-0.031792
0.031395
0.030399
-0.018903
-0.02313
-0.0073277
0.027813
0.042211
0.02114
-0.017488
-0.011516
-0.0071133
-0.0042418
0.02785
0.051785
0.037834
0.014585
0.0047437
0.0023767
0.016829
-0.00063113
-0.04728
-0.029872
0.02602
0.029048
0.0063362
0.0010667
-0.0068074
-0.00021521
0.014773
0.033876
0.025796
0.017759
0.020862
0.014973
0.01591
0.024886
0.015528
0.014143
0.033228
0.03574
0.018869
-0.0028438
-0.0033252
-0.0013321
-0.017064
-0.022845
-0.035397
-0.041328
-0.028849
-0.022708
-0.016583
-0.007766
-0.0004219
0.006967
0.011463
0.0039091
0.0010013
-0.004435
-0.0085947
-0.0035976
-0.0078778
-0.0084819
-0.0024342
-0.0028041
-0.00513
-0.0023551
-0.0010718
-0.00071622
-0.00074771
0.002306
0.0031799
0.00053618
-0.0003465
-6.8724e-05
0.00088505
0.0015993
0.000818
0.00037568
0.00020549
-0.00023328
0
0
0
0
0
0
0
0
0
0
0
0
0
0
0
0
0
0
0
0
0
0
0
0
0
0
0
0
0
0
0
0
0
0
0
0
0
0
0
0
0
0
0
0
0
0
0
0
0
0
0
0
0
0
0
0
0
0
0
0
0
0
0
0
0
0
0
0
0
0
0
0
0
0
0
0
0
0
0
0
0
0
0
0
0
0
0
0
0
0
0
0
0
0
0
0
0
0
0
0
0
0
0
0
0
0
0
0
0
0
0
0
0
0
0
0
0
0
0
0
0
0
0
0
0
0
0
0
0
0
0
0
0
0
0
0
0
0
0
0
0
0
0
0
0
0
0
0
0
0
0
0
0
0
0
0
0
0
0
0
0
0
0
0
0
0
0
0
0
0
0
0
0
0
0
0
0
0
0
0
0
0
0
0
0
0
0
0
0
0
0
0
0
0
0
0
0
0
0
0
0
0
0
0
0
0
0
0
0
0
0
0
0
0
0
0
0
0
0
0
0
0
0
0
0
0
0
0
0
0
0
0
0
0
0
0
0
0
0
0
0
0
0
0
0
0
0
0
0
0
0
0
0
0
0
0
0
0
0
0
0
0
0
0
0
0
0
0
0
0
0
0
0
0
0
0
0
0
0
0
0
0
0
0
0
0
0
0
0
0
0
0
0
0
0
0
0
0
0
0
0
0
0
0
0
0
0
0
0
0
0
0
0
0
0
0
0
0
0
0
0
0
0
0
0
0
0
0
0
0
0
0
0
0
0
0
0
0
0
0
0
0
0
0
0
0
0
0
0
0
0
0
0
0
0
0
0
0
0
0
0
0
0
0
0
0
0
0
0
0
0
0
0
0
0
0
0
0
0
0
0
0
0
0
0
0
0
0
0
0
0
0
0
0
0
0
0
0
0
0
0
0
0
0
0
0
0
0
0
0
0
0
0
0
0
0
0
0
0
0
0
0
0
0
0
0
0
0
0
0
0
0
0
0
0
0
0
0
0
0
0
0
0
0
0
0
0
0
0
0
0
0
0
0
0
0
0
0
0
0
0
0
0
0
0
0
0
0
0
0
0
0
0
0
0
0
0
0
0
0
0
0
0
0
0
0
0
0
0
0
0
0
0
0
0
0
0
0
0
0
