2.8081e-05
0.0012341
0.0057613
0.005824
0.0028098
0.007088
0.0055885
-0.014668
-0.034289
-0.024111
-0.0043033
-0.007859
-0.0094729
0.0079838
-0.0071214
-0.024155
-0.011335
-0.0028043
0.00064714
-0.014462
-0.016688
-0.0063098
-0.0086919
-0.02479
-0.034587
0.00093938
0.0064752
-0.019077
0.00099806
0.018151
-0.010594
-0.028978
0.010551
0.011961
-0.022565
0.018392
0.018224
-0.0089452
0.025178
-0.002142
-0.059163
-0.0020201
0.046594
-0.022573
-0.010834
0.044742
-0.037107
-0.052054
-0.0045186
-0.0049146
-0.030277
-0.021806
-0.0023418
-0.012535
0.016792
0.0023255
-0.040986
-0.04935
0.0075235
0.02188
-0.089413
-0.050579
0.029445
-0.048397
-0.067831
0.025791
0.0074971
-0.076438
0.024807
0.041915
-0.050538
0.023691
0.026559
-0.025838
-0.014307
-0.0098855
-0.022007
-0.011047
0.0025468
-0.040005
-0.0091289
0.043322
0.011682
-0.027679
-0.034
0.020502
0.0082349
-0.052002
-0.022726
0.00067473
-2.9201e-05
-0.029915
-0.025115
0.030406
-0.011647
-0.024881
-0.0029734
-0.028106
-0.048786
-0.034314
0.025398
0.00015592
-0.027356
0.01617
0.011971
0.0060385
-0.014372
-0.071083
-0.033026
0.062289
0.018107
-0.0502
0.012146
0.093516
0.11716
0.13845
0.13137
0.080339
0.049455
0.052556
-0.00074569
-0.085336
-0.060637
-0.0052841
0.034004
0.061619
-0.029385
-0.13145
-0.041937
0.084294
0.02805
-0.081056
-0.092271
-0.020795
0.052587
0.067605
0.11265
0.19238
0.27282
0.35728
0.35647
0.25357
0.26029
0.38842
0.3479
0.12147
0.0057104
0.09215
0.08656
0.04071
0.14969
0.22609
0.15043
-0.10982
-0.37402
-0.23522
-0.012306
-0.16952
-0.22227
-0.0063686
0.052531
0.055327
0.15492
0.25014
0.16226
-0.14534
-0.18857
-0.042984
-0.25452
-0.40713
-0.27113
-0.21013
-0.28675
-0.41395
-0.29436
-0.010116
-0.074596
-0.18452
0.012595
0.088248
-0.024521
-0.049965
0.01465
0.06172
0.099008
0.14034
0.13704
0.17235
0.23323
0.12742
-0.032826
-0.037805
0.04039
0.079365
0.02137
-0.072821
-0.020654
0.089948
0.084848
0.039531
0.047829
0.058352
0.014431
0.011119
0.038813
0.03656
0.099452
0.16256
0.076733
-0.034811
-0.0022172
0.070686
0.0079294
-0.08675
-0.032221
0.093344
0.15402
0.11108
-0.042451
-0.20687
-0.24291
-0.21158
-0.21015
-0.16648
-0.095621
-0.065702
-0.054413
-0.031141
-0.015707
-0.013484
-0.024414
-0.071654
-0.10444
-0.10933
-0.12696
-0.069483
0.063836
0.096259
-0.0026958
-0.14734
-0.20528
-0.11142
-0.031606
-0.034866
-0.057144
-0.068788
-0.049173
-0.06324
-0.10838
-0.049719
0.040797
0.03766
0.0094937
-0.0009595
0.011035
0.057292
0.11915
0.080715
-0.0083504
0.028835
0.038384
0.0012319
-0.0082242
-0.079052
-0.030748
0.1505
0.17808
0.15876
0.18237
0.17732
0.14907
0.026541
-0.025204
0.028891
0.0035514
0.064846
0.19322
0.1316
-0.070677
-0.1464
-0.072188
-0.154
-0.27106
-0.18908
-0.10117
-0.054612
-0.013091
-0.029768
-0.049722
-0.087523
-0.16589
-0.16005
-0.064854
0.011615
0.022239
0.012911
0.097539
0.19975
0.153
0.036297
0.047592
0.11941
0.055206
-0.066521
-0.024971
0.076322
0.015015
-0.049848
-0.062443
-0.12784
-0.12302
-0.069701
0.005605
0.11086
0.038944
-0.11009
0.0028518
0.12401
0.033885
0.042918
0.071986
-0.01196
-0.028296
0.040097
0.098472
0.098937
0.06624
0.037098
-0.035202
-0.12881
-0.16317
-0.095635
0.040531
0.080763
0.036376
0.085428
0.23055
0.27562
0.13512
0.01234
0.081658
0.11288
-0.037787
-0.09014
-0.081003
-0.127
-0.099818
-0.059984
-0.060345
-0.039807
0.029932
0.041466
-0.017458
-0.017256
-0.01326
-0.018306
-0.026463
-0.058692
-0.047986
0.029339
0.089405
0.095446
0.10415
0.11173
0.067402
-0.0018881
0.011764
0.069461
0.073399
0.050448
-0.0025164
-0.060737
-0.085755
-0.090625
-0.07672
-0.067396
-0.04226
-0.015025
-0.04444
-0.06147
-0.10168
-0.16524
-0.13388
-0.067544
-0.058866
-0.074318
-0.063409
-0.043253
-0.052475
-0.097755
-0.089143
-0.029133
0.010873
0.04556
0.033079
-0.013435
-0.022267
-0.0027504
-0.034745
-0.086922
-0.040201
-0.019248
-0.044661
-0.012413
-0.018715
-0.073118
-0.034668
0.047761
0.04524
0.07291
0.10415
0.057104
0.015323
-0.041464
-0.081354
-0.062452
-0.00054108
0.067853
0.057375
0.060357
0.16531
0.21227
0.12284
0.030264
0.10923
0.29639
0.32623
0.29532
0.19405
-0.059472
-0.11808
-0.03221
-0.020298
0.083465
0.14563
0.035988
-0.097288
-0.21242
-0.21292
-0.094051
0.0055475
0.012752
-0.014474
-0.03573
-0.1024
-0.11257
-0.05254
-0.065173
0.026118
0.22878
0.18659
-0.011221
-0.0094521
0.081809
0.028258
0.021276
0.13669
0.10775
0.015848
8.5006e-05
-0.036038
-0.023038
-0.014263
-0.051724
-0.018538
-1.0977e-05
-0.011513
0.020736
-0.045878
-0.098731
-0.086155
-0.11321
-0.055078
-0.020926
-0.045455
-0.029551
-0.081022
-0.14338
-0.14117
-0.14716
-0.11562
-0.066611
-0.056523
-0.017737
-0.01202
0.0063518
0.08342
0.097767
0.075755
0.047675
0.04395
0.036165
-0.0063756
0.021318
0.068062
0.019517
-0.0017584
0.0053333
-0.00091253
0.061627
0.10621
0.044975
-0.029889
-0.03768
-0.035499
-0.045909
-0.022754
-0.0027379
-0.021732
-0.038376
-0.066515
-0.10921
-0.090914
-0.046889
-0.029122
0.0010978
0.042831
0.069661
0.06051
0.025553
0.022979
0.071202
0.087296
0.049365
0.03722
0.054571
0.046621
0.00768
-0.0062666
0.010329
0.0060833
-0.011162
-0.031542
-0.043144
-0.045418
-0.076657
-0.10294
-0.10222
-0.095288
-0.071928
-0.064186
-0.055484
-0.01478
0.0019718
0.024412
0.059697
0.026203
0.0034705
0.051901
0.059485
0.029222
0.037758
0.044083
0.018566
0.0041601
-0.0063096
-0.010646
0.023161
0.05212
0.052551
0.054351
0.049334
0.020768
-0.0087016
-0.0069852
0.0087127
0.0077785
-0.0040615
-0.01348
0.0031725
0.033079
0.046198
0.058819
0.061337
0.058616
0.075845
0.069072
0.046359
0.067981
0.094028
0.072108
0.036781
0.030608
0.033776
0.012764
-0.032284
-0.050134
-0.041515
-0.04888
-0.040098
0.0021846
0.04195
0.056787
0.029046
-0.014793
-0.032731
-0.047687
-0.074349
-0.08882
-0.093469
-0.10139
-0.11006
-0.11824
-0.11949
-0.10733
-0.086914
-0.07475
-0.07527
-0.053617
-0.0053902
0.026006
0.021083
0.0015666
0.01145
0.020418
-0.00084833
-0.015511
-0.025715
-0.02254
-0.0053083
0.01197
0.053633
0.071245
0.062987
0.074378
0.071415
0.032549
-0.0091339
-0.028431
-0.043575
-0.035226
-0.0045845
0.0063828
0.046137
0.094999
0.076944
0.061847
0.070713
0.055023
0.049692
0.058803
0.04092
0.0031426
-0.019122
-0.033751
-0.057794
-0.046296
-0.011199
-0.0057364
-0.0037919
0.017045
0.025706
0.0039537
-0.02334
-0.033236
-0.019968
-0.0083453
-0.0058171
0.0034112
0.00025953
-0.0068165
-0.0036428
0.00065087
0.013647
0.014694
0.0027789
0.011799
0.025633
0.015306
0.016755
0.022246
0.0051597
0.0033294
0.013008
0.0069179
0.0011167
0.00746
0.01757
0.030192
0.037249
0.03517
0.025631
0.0066512
-0.011264
-0.02154
-0.024539
-0.021123
-0.010724
0.0072601
0.0062024
-0.0058719
-0.011336
-0.024526
-0.019938
-0.0092713
-0.010556
0.0028205
0.017661
0.018581
0.00026893
-0.031014
-0.056856
-0.064871
-0.060092
-0.059976
-0.066701
-0.0693
-0.066647
-0.062887
-0.048105
-0.034012
-0.018141
0.0044393
0.0069405
0.0093772
0.02219
0.024781
0.02687
0.024483
0.02145
0.030272
0.051675
0.067296
0.060346
0.048848
0.037449
0.014077
0.008246
0.00057911
-0.036247
-0.051079
-0.052249
-0.061564
-0.059653
-0.053444
-0.049624
-0.044267
-0.037249
-0.041833
-0.054373
-0.035784
0.00083873
0.01308
0.012189
0.014834
0.016812
0.012937
0.0097646
0.017792
0.017961
0.014311
0.016084
0.015966
0.021069
0.023498
0.029524
0.028996
0.0042661
0.00044724
0.017153
0.015399
0.014784
0.018817
0.011924
0.002885
0.0038526
0.0022698
-0.0074943
-0.005159
0.0046244
0.0030321
0.0028159
0.01596
0.022974
0.03243
0.042988
0.037679
0.035231
0.030558
0.026789
0.030344
0.03314
0.032838
0.022626
0.016744
0.011768
0.0014751
-0.0062687
-0.011856
-0.017229
-0.02033
-0.025545
-0.028812
-0.020795
-0.012245
-0.013244
-0.021944
-0.032855
-0.038687
-0.035138
-0.018524
-0.0039832
0.0042745
0.014461
0.01156
0.0032292
0.0041199
0.00023626
0.0022609
0.012929
0.012853
0.013095
0.018581
0.01543
0.0033614
0.0075732
0.015154
0.0047901
-0.0057453
-0.011624
-0.014641
-0.012287
-0.01267
-0.016282
-0.019777
-0.022081
-0.021422
-0.020725
-0.021332
-0.017441
-0.0087509
-0.0099454
-0.013377
-0.010977
-0.0096159
-0.0076074
-0.0056849
-0.0065808
-0.0079316
-0.0045641
0.0037882
0.0086745
0.0072549
0.0078177
0.015549
0.017914
0.014148
0.0075076
0.010284
0.019833
0.021586
0.014209
0.0068123
0.002066
-0.0021521
0.00056796
0.0022239
0.0083293
0.02179
0.024466
0.019132
0.015867
0.00749
0.0088608
0.015331
0.011935
0.012503
0.013444
0.012751
0.010442
0.00085292
-0.0048171
-0.0069602
-0.0085885
-0.003294
0.0014769
-0.0032031
-0.0056998
0.0059874
0.016143
0.018184
0.034472
0.042035
0.023949
0.030296
0.042094
0.025715
0.0094436
-0.0097177
-0.01908
-0.015817
-0.037392
-0.046861
-0.044277
-0.052604
-0.043658
-0.040778
-0.0418
-0.015037
0.0077014
0.017391
0.014263
0.00056455
0.0028984
0.0075479
0.0020461
-0.0074655
-0.01661
-0.0088992
-0.0026203
-0.0079504
-0.0063598
0.0046223
0.021796
0.016955
0.00046935
0.00029344
0.0093283
0.019704
0.0075866
-0.0078231
-0.0033085
-0.0037443
-0.0098424
-0.015131
-0.017277
-0.015705
-0.018525
-0.029757
-0.035203
-0.023248
-0.0080674
0.00158
0.0061744
0.0059623
0.0082765
0.016491
0.020507
0.018912
0.019156
0.013565
0.0051299
0.0071229
0.0069848
-0.0013173
-0.0087686
-0.01051
-0.014246
-0.02234
-0.026478
-0.023154
-0.010941
-0.011351
-0.020025
-0.0069695
0.0059877
0.0055588
0.0076645
0.0057371
-0.003846
-0.012941
-0.028515
-0.034704
-0.026584
-0.030624
-0.02957
-0.021947
-0.024722
-0.019574
-0.011133
-0.0085614
-0.0049841
-0.0034247
0.0034567
0.0017899
0.0033697
0.022996
0.029206
0.017546
0.01477
0.028181
0.032308
0.019854
0.00099145
-0.0065103
-0.0035151
-0.0041143
0.0067478
0.024761
0.030038
0.011332
-0.014062
-0.020306
-0.02974
-0.03618
-0.019677
-0.0081099
-0.0031299
0.0090227
0.01144
0.011591
0.022146
0.017732
0.00077591
-0.005781
0.0063149
0.01311
-0.002426
-0.0031788
0.0042332
-0.0061786
-0.0055583
0.0078298
0.020192
0.030365
0.029684
0.021991
0.021026
0.021903
0.018161
0.017167
0.018083
0.013013
0.014575
0.012792
0.0079642
0.011023
0.0083953
0.0067935
0.0038978
0.00048056
0.00064701
-0.0016879
-0.0027744
-0.0051198
-0.0086052
-0.0068497
-0.010488
-0.013603
-0.0076361
-0.0035883
-0.0043176
-0.0020766
0.0027588
0.0062344
0.0079985
0.0065988
0.0021263
0.00021224
0.00012567
-0.0013039
-0.002379
0.0014418
0.0028795
-0.0011021
-0.00092003
-0.00042633
0.00049193
0.002879
0.0023996
0.002528
0.0017048
-0.00086288
0.00032068
-0.00017142
-0.003613
-0.0056313
-0.0070595
-0.0081131
-0.0084562
-0.0074127
-0.0058119
-0.0064314
-0.0055112
-0.0040645
-0.0054005
-0.0050094
-0.0037667
-0.003397
-0.0027802
-0.0023087
-0.0019016
-0.0015206
-0.00094811
-0.00072401
-0.00095116
-0.00106
-0.001023
-0.00019483
0.00040759
0.00030425
0.00027719
0.00014595
7.269e-06
-8.611e-05
-8.0605e-05
1.9383e-05
-1.1121e-05
-9.657e-05
-0.00016108
0
0
0
0
0
0
0
0
0
0
0
0
0
0
0
0
0
0
0
0
0
0
0
0
0
0
0
0
0
0
0
0
0
0
0
0
0
0
0
0
0
0
0
0
0
0
0
0
0
0
0
0
0
0
0
0
0
0
0
0
0
0
0
0
0
0
0
0
0
0
0
0
0
0
0
0
0
0
0
0
0
0
0
0
0
0
0
0
0
0
0
0
0
0
0
0
0
0
0
0
0
0
0
0
0
0
0
0
0
0
0
0
0
0
0
0
0
0
0
0
0
0
0
0
0
0
0
0
0
0
0
0
0
0
0
0
0
0
0
0
0
0
0
0
0
0
0
0
0
0
0
0
0
0
0
0
0
0
0
0
0
0
0
0
0
0
0
0
0
0
0
0
0
0
0
0
0
0
0
0
0
0
0
0
0
0
0
0
0
0
0
0
0
0
0
0
0
0
0
0
0
0
0
0
0
0
0
0
0
0
0
0
0
0
0
0
0
0
0
0
0
0
0
0
0
0
0
0
0
0
0
0
0
0
0
0
0
0
0
0
0
0
0
0
0
0
0
0
0
0
0
0
0
0
0
0
0
0
0
0
0
0
0
0
0
0
0
0
0
0
0
0
0
0
0
0
0
0
0
0
0
0
0
0
0
0
0
0
0
0
0
0
0
0
0
0
0
0
0
0
0
0
0
0
0
0
0
0
0
0
0
0
0
0
0
0
0
0
0
0
0
0
0
0
0
0
0
0
0
0
0
0
0
0
0
0
0
0
0
0
0
0
0
0
0
0
0
0
0
0
0
0
0
0
0
0
0
0
0
0
0
0
0
0
0
0
0
0
0
0
0
0
0
0
0
0
0
0
0
0
0
0
0
0
0
0
0
0
0
0
0
0
0
0
0
0
0
0
0
0
0
0
0
0
0
0
0
0
0
0
0
0
0
0
0
0
0
0
0
0
0
0
0
0
0
0
0
0
0
0
0
0
0
0
0
0
0
0
0
0
0
0
0
0
0
0
0
0
0
0
0
0
0
0
0
0
0
0
0
0
0
0
0
0
0
0
0
0
0
0
0
0
0
0
0
0
0
0
0
0
0
0
0
0
0
0
0
0
0
0
0
0
0
0
0
0
0
0
0
0
