1.4436e-10
1.0124e-05
0.00062319
0.0038758
0.0056211
0.0054986
0.0053224
0.00011933
0.0010955
0.0056522
0.00021308
-0.0026143
-0.0016447
-0.0034427
0.0032407
0.0024374
-0.0037429
-0.00098461
-0.00019451
0.00030646
0.0036714
0.0069533
0.0026434
-0.0012134
-0.0065117
-0.0062016
0.0032833
0.0057344
0.0031538
0.0049466
0.0041851
0.00039794
-0.0067398
-0.015173
-0.012904
0.003904
0.015157
0.006404
-0.0073318
-0.014225
-0.0067517
0.0102
0.015465
-0.00042937
-0.0091147
-0.0072768
-0.006733
-0.004974
-0.0059643
-0.0039584
0.0028567
0.0011914
0.0038275
0.015542
0.0036426
-0.011603
-0.012559
-0.0057116
-0.0038542
-0.00016226
0.013665
0.0071369
-0.0054749
-0.0090004
-0.0050619
0.0045726
0.0037629
0.0075105
0.0077736
-0.0046516
-0.0075506
-0.0036242
-0.00039964
0.0035611
-0.0044898
-0.0049346
0.0010148
0.002271
0.0043987
0.0069366
0.00067424
-0.0063608
-0.0021243
0.0039152
0.0047849
-0.0026095
-0.0092596
-0.0071618
-0.006655
-0.0031111
0.0038337
0.0044828
0.004752
0.0030332
0.0021806
0.0024552
0.0043673
0.0051729
-0.0024031
0.00089758
-0.0015534
-0.0050212
-0.0062616
-0.0084676
-0.0028901
0.0076375
0.011233
0.0021973
-0.0032161
-0.0026792
-0.005559
-0.0042266
0.00047066
0.005623
0.0071187
0.0083112
0.0038308
-0.0091879
-0.011409
-0.004277
-0.00068307
0.0030422
0.0042283
-0.0026123
-0.0076321
-0.0022201
0.0015793
-0.00087942
-0.0053754
-0.00078201
0.0045125
0.0039586
-0.00051056
-0.010459
-0.013711
-0.002048
0.016953
0.020724
0.0042039
-0.0069897
-0.0052303
-0.0031953
-0.00015227
0.0049871
0.0071114
0.0010869
-0.013333
-0.010241
0.0017219
-0.00073719
-0.0054658
-0.00096744
0.007637
0.0017872
-0.0076915
-0.0073283
-0.0022902
0.007957
0.0062899
-0.011849
-0.009271
0.0079303
0.013931
0.0053754
-0.0075886
-0.013523
-0.001331
0.019872
0.020811
0.007887
-0.0083696
-0.024317
-0.018189
-0.0018514
0.0020789
0.00016365
0.0015693
-0.0059533
-0.0080998
0.0099078
0.012172
0.001545
-0.0027151
-0.002179
-0.012444
-0.0003364
0.016934
-0.0047129
0.0048896
0.012814
0.0064953
0.012039
-0.008845
-0.012794
0.0066454
-0.0061819
-0.026514
-0.017451
0.0064771
0.028839
0.03436
0.022898
-0.0026863
-0.018093
-0.012088
-0.014792
0.0040945
0.022777
0.0091313
-0.012238
-0.028397
-0.01763
0.017202
0.025687
-0.0059945
-0.016286
-0.01992
-0.022867
0.0093897
0.024227
0.023979
-0.0042442
-0.041732
-0.032833
0.00060043
0.042585
0.041008
0.027024
-0.00713
-0.029383
-0.024053
-0.0028751
0.016412
0.013016
0.0077945
-0.021784
-0.022134
-0.0054291
-0.0066959
0.0046382
0.0095007
0.011504
0.0052217
0.0066293
0.012836
0.016144
0.0065166
-0.016921
-0.022604
-0.020398
0.0051182
0.028587
0.022075
0.012948
-0.018997
-0.026707
-0.030737
-0.017818
0.004164
0.01419
0.019323
0.0050774
-0.0078285
0.0024743
0.0049666
0.0024621
0.0079865
-0.0076418
-0.023529
-0.0090221
-0.0030104
0.010236
0.006918
-0.0013099
0.0055409
-0.0051543
-0.003283
-0.00075457
0.008894
0.0092646
-0.001829
0.0046359
0.014237
0.01442
0.0073823
0.0076837
0.002803
-0.014865
-0.022072
-0.0079064
0.01295
-0.00016973
-0.019346
-0.025819
-0.029408
-0.01261
0.00095612
0.00078453
-0.006454
-0.0068784
-0.0071344
-0.01278
0.0040281
0.019588
0.015813
-0.0017742
-0.0082813
-0.0056894
0.0024266
0.011497
0.0074469
0.0073618
-0.0014146
-0.0021676
0.0066627
-0.0012885
-0.0038605
-0.0035002
-0.015092
-0.0078011
0.028967
0.028244
0.01056
0.014372
0.0019503
-0.013741
-0.0096855
-0.0082243
-0.0069185
0.009775
0.010444
-0.003677
-0.010147
-0.025803
-0.022514
0.0029773
-0.0034907
-0.018481
-0.018367
-0.010752
0.011556
0.025324
0.022935
0.014769
-0.0073907
-0.014745
-0.0041497
-0.0028654
-0.00090215
0.0018262
-0.00035472
0.009998
0.031972
0.01402
-0.0064142
-0.0021305
0.0058979
0.030318
0.045564
0.037347
0.029097
0.025384
0.022264
0.032869
0.035518
0.018599
0.010154
0.01489
0.01438
0.01011
0.011034
0.0031795
0.0028839
0.01308
0.0069371
0.0045141
0.01652
0.039327
0.045196
0.043276
0.039705
0.0087523
-0.0038196
0.0089691
-0.0031778
-0.011898
-0.0073656
-0.0087981
0.0061482
-0.012043
-0.016725
0.013107
0.0016187
-0.02158
-0.034766
-0.028645
-0.010554
-0.013408
-0.042105
-0.049959
-0.030598
0.0069365
0.012413
-0.022471
-0.043651
-0.056716
-0.046991
-0.027413
-0.014947
-0.021766
-0.051918
-0.069412
-0.07837
-0.08812
-0.067591
-0.0088745
0.0097998
-0.019622
-0.029128
-0.021723
-0.024244
-0.028429
-0.035848
-0.040392
-0.048825
-0.060944
-0.054648
-0.029021
-0.024968
-0.018142
0.021787
0.051803
0.050289
0.047457
0.038055
0.031147
0.027408
0.010114
-0.0047349
0.012107
0.062221
0.083964
0.071357
0.068963
0.06474
0.064731
0.0602
0.045129
0.040489
0.037363
0.033806
0.039792
0.066429
0.061488
0.013943
0.0028785
0.039373
0.057167
0.026446
0.0060206
0.012486
0.019487
0.032562
0.055253
0.05017
0.023817
0.020127
0.025006
0.023944
0.033155
0.05258
0.040092
0.010363
-0.0012076
-0.022152
-0.026989
-0.033462
-0.077696
-0.089367
-0.056859
-0.025533
-0.0095701
-0.036782
-0.043457
-0.026152
-0.02304
-0.03575
-0.060583
-0.072627
-0.052058
-0.051165
-0.065357
-0.028245
-0.0055865
-0.029743
-0.018037
0.029866
0.048293
0.023702
0.00036662
-0.0022995
0.012784
0.017663
-0.005125
0.0089094
0.0020687
-0.035876
-0.060261
-0.076199
-0.071317
-0.07048
-0.10296
-0.12213
-0.11022
-0.089762
-0.064272
-0.023701
0.017198
0.028334
0.054084
0.067947
0.041115
0.0256
0.008838
-0.003455
-3.5855e-05
-0.017177
-0.027678
-0.040338
-0.056912
-0.023443
0.044597
0.085331
0.12014
0.14707
0.14259
0.12692
0.087955
0.040846
0.0078564
-0.013061
-0.036768
-0.07587
-0.066867
-0.046073
-0.053818
-0.063918
-0.069955
-0.062229
-0.033448
0.0049621
0.0094744
0.00030436
0.0042418
-0.00092272
-0.0021848
0.0092261
0.018634
-0.0016915
-0.0014086
0.0085674
-0.0086533
-0.0014909
0.0023461
0.010261
0.034307
0.042387
0.030416
0.0048064
0.020564
0.060172
0.041497
-0.012589
-0.058046
-0.054598
-0.043516
-0.052822
-0.039393
0.012802
0.046442
0.055432
0.061076
0.04432
0.047351
0.055376
0.036106
0.0087263
0.013051
0.035536
0.038234
0.034539
0.029274
0.031644
0.029873
0.016297
0.030531
0.0322
0.023622
-0.0040341
-0.010308
0.0042658
-0.020255
-0.032186
0.0053718
0.0062802
-0.052263
-0.043774
0.0040371
0.0071429
0.024756
0.037666
0.037492
0.045974
0.028808
0.00050809
-0.0080215
-0.032489
-0.015628
0.020314
0.019798
0.0054893
0.00032338
0.021314
0.0074165
-0.016592
-0.00093297
0.017359
0.020851
0.03561
0.046881
0.011647
-0.008766
-0.0061211
-0.025132
-0.029051
0.0025811
0.047583
0.059784
0.041294
0.0069636
-0.030289
-0.052617
-0.050086
-0.030038
-0.0091857
0.004357
0.0063459
-0.0039913
0.0046182
0.009569
-0.0026725
-0.015932
-0.040787
-0.058989
-0.050288
-0.031152
-0.010104
0.005584
-0.002105
-0.013438
-0.017016
-0.034456
-0.037266
-0.034391
-0.043555
-0.034121
-0.013014
0.01235
0.020695
0.023086
0.022699
-0.0082329
-0.022208
-0.011756
0.018858
0.043564
0.0070245
-0.032696
-0.034946
-0.045686
-0.067634
-0.064946
-0.043644
-0.041434
-0.050885
-0.075698
-0.083735
-0.080482
-0.089136
-0.09642
-0.10063
-0.10045
-0.096898
-0.085872
-0.055998
-0.0055524
0.037449
0.043742
0.038452
0.049846
0.072205
0.09048
0.091419
0.071469
0.035796
-0.010856
-0.038633
-0.030727
-0.0029519
0.018393
0.016312
0.0031385
-0.0089295
-0.0082812
-0.0036915
0.0055058
0.019896
0.021438
0.017646
0.011809
0.0034268
0.0042633
0.016358
0.036445
0.041147
0.030679
0.018352
0.0082867
-0.0058101
-0.020778
-0.014399
0.0043622
0.020491
0.041508
0.066863
0.087888
0.10506
0.11416
0.11029
0.098326
0.091814
0.087238
0.08038
0.0787
0.078014
0.072695
0.066792
0.055464
0.034054
0.01677
0.0074819
-0.0035217
-0.013111
-0.021681
-0.02581
-0.022854
-0.022361
-0.028957
-0.033486
-0.021972
-0.0059863
0.0071009
0.018433
0.023273
0.021952
0.013019
0.0072909
0.0069092
0.0011936
-0.0042975
-0.013178
-0.028794
-0.043922
-0.059089
-0.079427
-0.088924
-0.074962
-0.057806
-0.046444
-0.040213
-0.051903
-0.067676
-0.071109
-0.063614
-0.056991
-0.059966
-0.063253
-0.053334
-0.025889
0.0024868
0.0085142
0.001477
-0.0051768
-0.011
-0.013709
-0.015853
-0.022895
-0.041498
-0.065553
-0.081664
-0.087854
-0.08229
-0.075236
-0.073718
-0.068897
-0.057625
-0.041966
-0.018651
0.0059504
0.022676
0.035229
0.044415
0.044204
0.045704
0.057105
0.068289
0.06759
0.061639
0.06099
0.064718
0.067883
0.065838
0.061997
0.0605
0.057734
0.052395
0.052704
0.056788
0.059515
0.063431
0.065774
0.065286
0.066021
0.068144
0.069209
0.069072
0.061566
0.049972
0.037264
0.016247
0.0036252
-0.00040166
-0.0054296
0.00087188
0.0099928
0.011596
0.011358
0.0078678
-0.0016046
-0.0095651
-0.015753
-0.025781
-0.034456
-0.038241
-0.040042
-0.040767
-0.044685
-0.050561
-0.055275
-0.061255
-0.064964
-0.066597
-0.070361
-0.0712
-0.06882
-0.066719
-0.063218
-0.057416
-0.048401
-0.034517
-0.02091
-0.010617
-0.0024847
0.0018635
0.0042
0.013001
0.026979
0.036358
0.035473
0.025103
0.016799
0.015907
0.013362
0.010943
0.0092051
0.0070643
0.0096661
0.0085091
0.004308
0.0068193
0.0096987
0.010173
0.010553
0.012713
0.016181
0.018669
0.025372
0.030667
0.030963
0.030578
0.029909
0.035637
0.047395
0.056143
0.054701
0.035992
0.0086415
-0.0015972
0.0062704
0.012356
0.014023
0.016779
0.016687
0.0083675
0.00026461
0.00072281
0.0024907
-0.00010159
-0.0055597
-0.0095301
-0.0076617
-0.0039136
-0.0044272
-0.0040671
0.0053672
0.016033
0.015172
0.014972
0.019747
0.016665
0.0099604
0.0019553
-0.0042275
-0.0058453
-0.01028
-0.015403
-0.014814
-0.012019
-0.012987
-0.018498
-0.024586
-0.029991
-0.035893
-0.039635
-0.039097
-0.034933
-0.028716
-0.024889
-0.027565
-0.035498
-0.044297
-0.049812
-0.052019
-0.052663
-0.050279
-0.042431
-0.03301
-0.028069
-0.027268
-0.026985
-0.028063
-0.033965
-0.038286
-0.036964
-0.034275
-0.029827
-0.02288
-0.013902
-0.0075839
-0.0033341
-0.00048038
0.00042729
0.0069277
0.013125
0.020991
0.0335
0.044208
0.05224
0.056185
0.053339
0.045825
0.034923
0.025111
0.02289
0.026036
0.029625
0.032145
0.032052
0.027759
0.022402
0.019354
0.016635
0.01051
0.0007537
-0.0067166
-0.0093671
-0.010213
-0.012183
-0.015234
-0.015866
-0.013634
-0.010628
-0.009859
-0.010561
-0.01167
-0.012827
-0.013246
-0.013743
-0.014825
-0.013181
-0.0083574
-0.0016284
0.0060534
0.0099424
0.004934
-0.0022986
-0.0058168
-0.0096019
-0.014714
-0.021391
-0.025023
-0.021851
-0.016704
-0.013426
-0.012751
-0.011933
-0.011616
-0.013587
-0.015822
-0.016797
-0.015611
-0.01496
-0.01573
-0.011696
-0.00095363
0.0091492
0.014862
0.014228
0.0067799
-0.0056332
-0.01677
-0.022164
-0.024229
-0.024038
-0.022378
-0.020932
-0.018905
-0.014185
-0.0054434
0.0055149
0.015601
0.023025
0.025208
0.025049
0.023405
0.017198
0.0093158
0.0021319
-0.0047026
-0.010319
-0.015987
-0.019184
-0.015082
-0.0078369
-0.0020787
0.0039589
0.0081227
0.0084508
0.0052181
-0.00097809
-0.007895
-0.013571
-0.015749
-0.015536
-0.016083
-0.015499
-0.012901
-0.010254
-0.0063979
-0.00090932
0.0041343
0.0079738
0.01083
0.014612
0.018257
0.018014
0.01418
0.012581
0.015973
0.020769
0.023961
0.027692
0.033109
0.038731
0.043612
0.047441
0.050227
0.050735
0.048251
0.045095
0.042296
0.04198
0.042117
0.041307
0.041784
0.042239
0.041419
0.038315
0.036121
0.036052
0.036976
0.036695
0.035999
0.036121
0.033873
0.029462
0.025521
0.023032
0.021906
0.021667
0.022498
0.022614
0.019838
0.011876
0.0040346
-0.00061746
-0.0052464
-0.00963
-0.012925
-0.015982
-0.018187
-0.019124
-0.020339
-0.021032
-0.02021
-0.02019
-0.020658
-0.020048
-0.018917
-0.019008
-0.019198
-0.018693
-0.01775
-0.017889
-0.019804
-0.021586
-0.02386
-0.027067
-0.028118
-0.026514
-0.02331
-0.019958
-0.019515
-0.020516
-0.019523
-0.017833
-0.016616
-0.016295
-0.01778
-0.019277
-0.020861
-0.023577
-0.02657
-0.028573
-0.031626
-0.035841
-0.035846
-0.032141
-0.027695
-0.022147
-0.015956
-0.010579
-0.0062307
-0.001792
0.0014311
0.0031362
0.0044521
0.0036707
0.0025146
0.0026865
0.0050603
0.010259
0.015561
0.019379
0.021087
0.021382
0.021527
0.019947
0.015661
0.010329
0.0082242
0.010034
0.012485
0.014714
0.017683
0.020433
0.021582
0.020776
0.016866
0.01234
0.0088786
0.0062456
0.0044555
0.00446
0.0040608
0.00043329
-0.003861
-0.0062841
-0.0065298
-0.0064347
-0.0067984
-0.0078326
-0.0096106
-0.011072
-0.011403
-0.010062
-0.0098293
-0.011222
-0.012165
-0.014098
-0.018193
-0.022346
-0.026226
-0.030214
-0.033407
-0.035711
-0.03686
-0.036014
-0.033269
-0.030958
-0.029543
-0.029678
-0.031779
-0.034055
-0.034566
-0.032805
-0.031132
-0.029976
-0.0292
-0.03024
-0.031493
-0.028368
-0.022221
-0.017516
-0.016154
-0.016023
-0.014983
-0.0141
-0.013355
-0.011448
-0.0075429
-0.0020013
0.0032143
0.0088478
0.015596
0.021141
0.02602
0.030882
0.032904
0.034346
0.036619
0.038743
0.039014
0.036382
0.032837
0.030796
0.030849
0.033392
0.036278
0.038562
0.040048
0.039828
0.036576
0.032003
0.028545
0.02691
0.024229
0.021817
0.02062
0.019278
0.017889
0.016413
0.0161
0.016268
0.015361
0.01386
0.012148
0.0099331
0.0060965
0.0013401
-0.0031016
-0.0073212
-0.010439
-0.011962
-0.013838
-0.015756
-0.016892
-0.017225
-0.017569
-0.018021
-0.018383
-0.018791
-0.019187
-0.019475
-0.018667
-0.016385
-0.014324
-0.012574
-0.011593
-0.011047
-0.0091544
-0.0065373
-0.0041538
-0.00070488
0.0041424
0.0083502
0.011606
0.015858
0.022318
0.029866
0.036265
0.039576
0.040868
0.041425
0.039084
0.036384
0.03403
0.03125
0.028054
0.02563
0.025109
0.025971
0.026091
0.025577
0.025385
0.024996
0.023322
0.019495
0.015023
0.010803
0.004997
-0.001915
-0.008845
-0.014708
-0.018933
-0.023707
-0.02937
-0.032989
-0.031355
-0.029309
-0.03047
-0.030559
-0.028442
-0.026889
-0.025573
-0.024235
-0.02498
-0.026528
-0.027145
-0.027153
-0.025562
-0.024085
-0.024755
-0.027134
-0.030548
-0.032914
-0.033328
-0.03353
-0.03481
-0.036186
-0.037406
-0.037153
-0.035129
-0.032203
-0.029053
-0.025356
-0.022264
-0.020287
-0.018117
-0.014767
-0.010252
-0.0059931
-0.001781
0.0025445
0.0068065
0.010896
0.013351
0.015659
0.019668
0.023566
0.028179
0.033443
0.036523
0.037986
0.039037
0.039444
0.038601
0.037821
0.037719
0.037006
0.036608
0.036763
0.038378
0.039741
0.040585
0.041945
0.042833
0.041122
0.037971
0.035144
0.032944
0.031674
0.029784
0.027132
0.024563
0.019949
0.014164
0.0096875
0.0059797
0.002783
0.00093493
-0.001607
-0.0051583
-0.0082801
-0.011499
-0.014573
-0.017135
-0.021475
-0.026863
-0.030721
-0.033453
-0.034895
-0.035511
-0.035716
-0.03518
-0.034242
-0.032623
-0.030195
-0.027604
-0.024527
-0.019773
-0.016697
-0.015321
-0.013134
-0.010925
-0.0084369
-0.0049207
-0.002022
-0.00032076
0.0016725
0.0036133
0.0053743
0.0076709
0.010448
0.013074
0.01575
0.018573
0.021692
0.025668
0.030342
0.032791
0.031952
0.030509
0.02851
0.026146
0.024567
0.023778
0.022913
0.021342
0.018274
0.013939
0.0097014
0.0056038
0.0019737
-0.0011937
-0.0042377
-0.0074127
-0.010676
-0.013866
-0.017089
-0.020294
-0.023276
-0.025792
-0.028214
-0.030724
-0.033073
-0.035282
-0.038211
-0.04173
-0.043717
-0.044232
-0.044839
-0.044095
-0.042368
-0.040963
-0.039121
-0.03673
-0.033759
-0.030123
-0.026773
-0.023257
-0.019967
-0.017563
-0.015798
-0.014624
-0.01215
-0.009489
-0.0071701
-0.0031483
0.0032836
0.0080433
0.010524
0.01259
0.013171
0.013963
0.014887
0.014911
0.015205
0.015733
0.017565
0.019179
0.019739
0.019764
0.018609
0.017124
0.015632
0.014208
0.014088
0.013223
0.0109
0.0093332
0.0083146
0.0067555
0.005334
0.0039008
0.0024037
0.00027222
-0.0023213
-0.0045177
-0.0053511
-0.004224
-0.0029581
-0.0022395
-0.0036447
-0.0061953
-0.0080323
-0.0091284
-0.0088671
-0.008593
-0.0083687
-0.0084811
-0.0084143
-0.006907
-0.0025886
0.0023522
0.0057712
0.007581
0.0085839
0.0090112
0.010415
0.013388
0.015939
0.016714
0.015841
0.015151
0.015982
0.016132
0.015006
0.01494
0.015157
0.015753
0.01693
0.017737
0.017872
0.017604
0.01762
0.017961
0.019037
0.020435
0.021039
0.021529
0.021645
0.020106
0.019276
0.018199
0.01578
0.014235
0.012982
0.010559
0.0069574
0.0036294
0.0013809
-0.00048847
-0.0014574
-0.0018459
-0.0023896
-0.0028782
-0.0034002
-0.0037946
-0.0035544
-0.0040846
-0.0068823
-0.0097794
-0.012009
-0.01286
-0.012055
-0.010857
-0.011197
-0.012966
-0.014309
-0.015738
-0.018272
-0.021027
-0.02302
-0.023011
-0.019907
-0.017008
-0.016213
-0.014834
-0.013017
-0.012167
-0.011925
-0.010757
-0.0090974
-0.0074607
-0.0062968
-0.0062888
-0.006956
-0.0067833
-0.0063994
-0.0057307
-0.0040044
-0.0021606
-0.00064791
0.00081142
0.0023038
0.0038793
0.0057476
0.0071724
0.0080975
0.00923
0.0098014
0.0087362
0.0071885
0.0054449
0.0032272
0.0018417
0.00086894
-0.0010733
-0.0035921
-0.006416
-0.0090652
-0.011143
-0.012189
-0.013329
-0.014602
-0.015574
-0.016415
-0.01648
-0.015865
-0.015442
-0.015069
-0.014459
-0.013896
-0.014193
-0.014917
-0.015186
-0.015505
-0.015729
-0.015634
-0.015127
-0.013858
-0.012268
-0.010051
-0.0079521
-0.0058637
-0.0033521
-0.00089107
0.0014261
0.0036849
0.0056813
0.0082488
0.011148
0.012319
0.012075
0.011958
0.012014
0.012421
0.012521
0.012653
0.012603
0.013454
0.014773
0.014811
0.015253
0.015719
0.016088
0.016657
0.017565
0.017972
0.016623
0.013599
0.010407
0.0081999
0.006267
0.0053507
0.0051935
0.0048843
0.0052174
0.0052492
0.0048108
0.0050747
0.006119
0.0086046
0.01089
0.011687
0.011534
0.010918
0.010795
0.010929
0.011123
0.011125
0.012054
0.012726
0.013173
0.015424
0.016852
0.016609
0.016302
0.016002
0.015907
0.015615
0.013472
0.01005
0.0060502
0.0029408
0.0014302
0.00074316
0.00035791
-7.8732e-05
-0.00051273
-0.00042169
0.00094242
0.0010324
-0.00054008
-0.0014565
-0.0026763
-0.0042106
-0.0055264
-0.0069021
-0.0082813
-0.0097346
-0.011244
-0.012371
-0.013369
-0.01447
-0.015582
-0.01699
-0.018874
-0.021269
-0.023676
-0.025996
-0.028086
-0.028657
-0.027503
-0.025852
-0.023625
-0.021572
-0.019815
-0.018024
-0.016778
-0.015758
-0.014605
-0.013512
-0.012421
-0.011306
-0.010248
-0.0093459
-0.0086645
-0.0082613
-0.0074103
-0.0060944
-0.0046343
-0.0031738
-0.00087584
0.0020958
0.0027625
0.00377
0.0063158
0.0079785
0.0098475
0.01094
0.011844
0.012686
0.012024
0.011375
0.011852
0.012151
0.012412
0.011845
0.010386
0.0085203
0.0071434
0.006579
0.0058101
0.0045985
0.0026119
-0.00046264
-0.0029846
-0.0046909
-0.0067138
-0.0085615
-0.0097683
-0.010376
-0.010479
-0.010522
-0.010624
-0.010386
-0.01003
-0.010778
-0.011973
-0.012977
-0.014095
-0.014393
-0.013875
-0.013125
-0.012736
-0.012869
-0.012866
-0.012142
-0.011199
-0.010384
-0.0087488
-0.0063763
-0.004552
-0.0022565
0.00035781
0.0029961
0.0056476
0.0079462
0.0096847
0.010607
0.010423
0.0104
0.010224
0.0095005
0.0098072
0.011384
0.013759
0.016228
0.017401
0.01743
0.017758
0.017737
0.017118
0.016075
0.015465
0.015559
0.016247
0.01685
0.017001
0.016584
0.014992
0.013254
0.011838
0.010101
0.008449
0.0071367
0.006382
0.0061505
0.0052849
0.0037609
0.0024299
0.0010004
-0.00053542
-0.0017925
-0.0026437
-0.0027887
-0.0030109
-0.0033098
-0.0035189
-0.0037002
-0.0034696
-0.0030271
-0.0027417
-0.0024699
-0.002191
-0.0019222
-0.0016463
-0.0014876
-0.0019439
-0.0027192
-0.0026936
-0.0033688
-0.0067685
-0.0083355
-0.0083236
-0.0087797
-0.0092366
-0.0095601
-0.0087074
-0.0078351
-0.006446
-0.005471
-0.0045729
-0.0037953
-0.0041543
-0.0048228
-0.0057322
-0.0063308
-0.0064545
-0.007506
-0.0081202
-0.0077559
-0.0069576
-0.0064027
-0.0057236
-0.0049895
-0.0047774
-0.0048574
-0.0043062
-0.0032073
-0.0020434
-0.0012609
0.0022378
0.0071732
0.0092396
0.010414
0.011319
0.012063
0.012477
0.011623
0.010834
0.011129
0.011816
0.01215
0.012077
0.012778
0.013715
0.013374
0.012689
0.01361
0.014647
0.014728
0.014552
0.014936
0.015538
0.015085
0.015055
0.01508
0.014361
0.012879
0.010819
0.0083834
0.0057167
0.0032925
0.0016019
0.00040556
-0.0003063
-0.0010652
-0.0019098
-0.0030263
-0.0047465
-0.0061855
-0.0068962
-0.0072283
-0.0077311
-0.0085303
-0.0090587
-0.0096396
-0.010086
-0.010455
-0.011077
-0.010911
-0.010836
-0.011293
-0.011226
-0.011293
-0.011146
-0.010944
-0.011143
-0.011574
-0.011816
-0.01149
-0.010915
-0.010364
-0.0094699
-0.0080464
-0.0071386
-0.0061559
-0.0047114
-0.0039927
-0.0039249
-0.0038117
-0.0032933
-0.001995
7.7744e-05
0.0024639
0.0048424
0.0073821
0.0089494
0.0092338
0.0085771
0.0076572
0.0078477
0.0079177
0.007238
0.007209
0.007365
0.0073554
0.0075696
0.0074301
0.0070461
0.0069379
0.0071633
0.0073029
0.0071682
0.0067439
0.0066498
0.0063938
0.005434
0.0049364
0.0046954
0.0041927
0.0037664
0.0028101
0.0015327
0.00081369
-0.00023078
-0.0012869
-0.0019303
-0.0024349
-0.0029927
-0.0035565
-0.0042577
-0.0048582
-0.0053297
-0.0058087
-0.0061889
-0.0065203
-0.0065811
-0.0065959
-0.006618
-0.0065967
-0.0065716
-0.0063557
-0.0060165
-0.005728
-0.0054267
-0.0051331
-0.0049134
-0.0047451
-0.0045902
-0.0043946
-0.0041021
-0.0036759
-0.0032082
-0.002772
-0.0023549
-0.0019334
-0.001501
-0.001091
-0.00075318
-0.0004081
-7.1661e-05
0.00024073
0.00054669
0.00084363
0.0011195
0.0013822
0.0016364
0.0018686
0.0020617
0.0022135
0.0023202
0
0
0
0
0
0
0
0
0
0
0
0
0
0
0
0
0
0
0
0
0
0
0
0
0
0
0
0
0
0
0
0
0
0
0
0
0
0
0
0
0
0
0
0
0
0
0
0
0
0
0
0
0
0
0
0
0
0
0
0
0
0
0
0
0
0
0
0
0
0
0
0
0
0
0
0
0
0
0
0
0
0
0
0
0
0
0
0
0
0
0
0
0
0
0
0
0
0
0
0
0
0
0
0
0
0
0
0
0
0
0
0
0
0
0
0
0
0
0
0
0
0
0
0
0
0
0
0
0
0
0
0
0
0
0
0
0
0
0
0
0
0
0
0
0
0
0
0
0
0
0
0
0
0
0
0
0
0
0
0
0
0
0
0
0
0
0
0
0
0
0
0
0
0
0
0
0
0
0
0
0
0
0
0
0
0
0
0
0
0
0
0
0
0
0
0
0
0
0
0
0
0
0
0
0
0
0
0
0
0
0
0
0
0
0
0
0
0
0
0
0
0
0
0
0
0
0
0
0
0
0
0
0
0
0
0
0
0
0
0
0
0
0
0
0
0
0
0
0
0
0
0
0
0
0
0
0
0
0
0
0
0
0
0
0
0
0
0
0
0
0
0
0
0
0
0
0
0
0
0
0
0
0
0
0
0
0
0
0
0
0
0
0
0
0
0
0
0
0
0
0
0
0
0
0
0
0
0
0
0
0
0
0
0
0
0
0
0
0
0
0
0
0
0
0
0
0
0
0
0
0
0
0
0
0
0
0
0
0
0
0
0
0
0
0
0
0
0
0
0
0
0
0
0
0
0
0
0
0
0
0
0
0
0
0
0
0
0
0
0
0
0
0
0
0
0
0
0
0
0
0
0
0
0
0
0
0
0
0
0
0
0
0
0
0
0
0
0
0
0
0
0
0
0
0
0
0
0
0
0
0
0
0
0
0
0
0
0
0
0
0
0
0
0
0
0
0
0
0
0
0
0
0
0
0
0
0
0
0
0
0
0
0
0
0
0
0
0
0
0
0
0
0
0
0
0
0
0
0
0
0
0
0
0
0
0
0
0
0
0
0
0
0
0
0
0
0
0
0
0
0
0
0
0
0
0
0
0
0
0
0
0
0
0
0
0
0
0
0
0
