-6.1309e-09
-8.4447e-06
-0.00013629
-0.00032543
-0.00028457
-0.00018898
0.00010828
9.6191e-05
-0.00021661
-0.00035938
-0.00026579
-0.00030189
-0.00030673
-0.00029573
-0.00031323
-0.00030908
-0.00031473
-0.00032088
-0.00032421
-0.00033048
-0.00033501
-0.00034089
-0.00034676
-0.00035206
-0.00035926
-0.00036525
-0.00037205
-0.00037777
-0.00022914
-3.4572e-05
-0.00045817
-0.0004574
-0.00036266
-0.0004646
-0.00040076
-0.0001576
-0.00022093
-0.00059441
-0.0004396
-0.00047003
-0.00051903
-0.00046132
-0.00023554
-0.00024446
-0.00027255
0.00026725
-0.00023244
-0.00045451
1.5084e-05
-3.6621e-05
-0.00066907
-0.00068472
-0.0005523
-0.00068288
-0.0005487
0.0002657
0.00037523
-0.00096082
-0.00043531
-0.00036457
-0.00095854
-0.0006491
-0.00075402
-0.00079649
-0.0006876
-0.00024315
0.00089752
-6.1781e-05
-0.0013917
-0.00061238
-0.00032825
0.0020022
0.002104
-0.0011477
7.9004e-06
0.0017557
-7.5111e-05
-0.00043203
-0.0003166
0.0011023
0.0010709
-0.0011977
0.00087389
-0.00075867
-0.00088215
2.123e-05
-0.001416
-0.0008612
-0.00064965
-0.00050846
0.00064899
-0.0013473
-0.0014253
-0.00086739
-0.0010639
0.00029794
-0.00035046
0.0013238
0.0031815
0.001378
0.00033308
-0.0014021
-0.0011533
0.0015866
0.0027962
0.0020955
0.0017986
-0.0006174
-0.00041033
0.0025119
-0.00078732
-0.0021714
-0.00083672
-0.00098705
-0.00098967
-0.0016177
-0.001079
-0.0012228
-0.0044312
-0.0014533
0.0013154
-0.00069015
0.0017064
0.00036456
-0.00059933
0.0018014
-0.00074482
0.00023583
-0.00010595
0.0018099
0.0030437
0.0026964
0.00025056
-0.0057875
0.00021798
0.0046346
0.00045797
-0.00049575
0.0016743
-0.00079115
-0.0025369
-0.0016564
-0.0013753
-0.00055299
0.003173
0.0043627
0.0011997
0.0026733
0.00084954
-0.00030101
-0.0022288
-0.00081545
0.00059752
-0.00466
-0.0043362
-0.0021213
-9.3272e-05
-0.001265
-0.00053741
-0.0032192
-0.001095
0.00614
0.008026
0.002504
-0.00045942
0.00033136
-0.0029573
-0.00026141
0.0011885
-0.0024299
-0.00031803
0.0036898
0.0042613
0.0015611
-0.00016408
0.00071031
0.00017505
-0.0012827
-0.0028342
-0.0018293
-0.0019447
-0.0041143
-0.0020624
-0.00030309
0.0039127
0.0068796
0.0021124
-1.6525e-05
0.0068264
-0.0012143
-0.0057248
-0.0016687
-2.8945e-05
-0.0023944
0.00028366
0.0019165
0.0026064
0.00040552
0.0088673
0.0086351
-0.0056096
0.0039043
0.012644
0.0036191
-0.0039192
-0.0044029
0.0023208
0.005058
0.00019705
-0.0045062
-0.015684
-0.011972
-0.0007296
0.0049342
0.0047029
-0.008772
-0.0067189
0.0077644
0.0094609
0.0093732
-0.0016325
0.0099791
0.027368
0.021588
0.0097044
-0.011941
-0.022127
-0.015911
-0.0004207
-0.0014208
-0.019564
-0.010099
-0.00056003
-0.02097
-0.011266
-0.0072273
-0.022139
0.0059311
0.0066374
0.010422
0.014955
-0.0082871
0.0013081
0.0079216
-0.0095514
-0.0073662
0.017234
0.0064733
0.020378
0.028804
-0.0016377
-0.0094094
0.0021186
0.021035
0.021708
-0.0029747
-0.016015
-0.013018
-0.015046
0.00593
0.014412
0.00035244
0.0042671
0.0084768
0.00067088
-0.017355
-0.010814
0.0023417
0.018128
0.023935
-0.015051
-0.025282
-0.012047
0.018389
0.023961
0.0044114
0.019949
0.0079293
-0.003207
0.0055839
0.0011076
0.011646
0.020029
-0.019744
0.0038356
0.025582
-0.0023626
-0.0012793
0.020988
0.0028278
-0.033343
-0.00024175
0.0058224
-0.0053819
0.014984
0.0051692
-0.037789
-0.028407
-0.026044
-0.0066958
0.030092
0.017939
0.0094012
-0.016823
-0.0161
-0.016511
0.0062016
0.040876
0.025649
-0.00020023
-0.02022
-0.0046162
-0.038142
-0.0097767
0.046241
0.015035
-0.018912
-0.024364
-0.030547
-0.031334
-0.013452
0.0071579
-0.042597
-0.025298
0.027782
-0.0069207
0.011094
0.015946
-0.015932
0.024957
0.032047
0.0059739
0.023103
0.047757
0.012675
-0.0036847
-0.00039705
0.00688
0.015171
0.0021657
0.0060604
-0.0014043
-0.0076956
0.0084725
-0.0050155
-0.033055
-0.0054459
0.05151
0.0074224
-0.015678
-0.0050618
-0.024688
-0.023739
-0.019318
-0.02352
-0.020305
0.039911
0.056781
0.034883
0.033218
0.015398
-0.021855
-0.014986
0.0053795
-0.013091
-0.022121
-0.062071
-0.096845
-0.060785
-0.034969
-0.053423
-0.041592
-0.0060591
0.0036278
0.028623
0.031613
-0.0039766
-0.0068841
0.0066327
0.010496
0.013332
0.0060867
-0.033652
-0.037211
-0.010954
-0.0022644
0.00076759
0.010759
0.02145
0.00042225
0.0053634
0.021307
-0.013577
-0.058586
-0.057171
-0.051013
-0.07348
-0.041794
-0.019606
-0.023397
-0.010556
-0.0084775
0.015593
0.0069992
-0.014412
0.0074609
0.0082638
0.006713
0.040753
0.050396
0.07386
0.099257
0.045922
0.0074841
0.046816
0.057427
0.037338
0.0072019
-0.0034066
0.0030278
-0.015625
-0.033756
-0.0061871
0.0023586
0.0055659
-0.028517
-0.052764
-0.028804
-0.04472
-0.0090487
0.015082
-0.0050018
-0.010533
-0.019716
-0.012805
-0.0095555
0.03054
0.071895
0.054712
0.033457
0.032571
0.034033
0.055491
0.068457
0.043581
0.059365
0.090399
0.053886
0.0063774
-0.007737
0.018124
0.02833
-0.010208
-0.024517
0.017429
0.047765
0.028586
0.0023467
-0.012293
0.014149
0.032252
0.0063962
0.0089775
-0.0058688
-0.036531
-0.040629
-0.012396
-0.016982
-0.022103
0.023815
0.0050787
-0.017392
0.031948
0.0021432
-0.039372
-0.031808
-0.070141
-0.085471
-0.028871
0.0080761
-0.034231
-0.033851
0.046295
0.048331
-0.026047
-0.037316
-0.029101
-0.021817
-0.068971
-0.047392
-0.030351
-0.019435
0.030675
0.03518
-0.0027034
0.018466
0.077941
0.060228
-0.063021
-0.012055
0.097748
0.052141
0.010208
0.013165
0.012977
0.019975
0.031769
-0.042672
0.02499
0.16257
0.081041
0.044788
0.056713
-0.032788
-0.17253
-0.17035
-0.10913
-0.079461
-0.017467
0.068238
0.082482
-0.0016144
-0.0814
-0.083193
-0.084179
-0.101
-0.075067
-0.053847
-0.09718
-0.11683
-0.06116
0.0040832
-0.039402
-0.082559
-0.098336
-0.11174
-0.042335
-0.028687
-0.017822
0.063508
0.13009
0.20253
0.29768
0.27441
0.19485
0.094172
-0.068286
-0.20516
-0.22283
-0.11909
-0.10033
-0.21796
-0.19052
-0.03142
0.10993
0.11233
0.01501
-0.0035957
0.064802
0.12902
0.14026
0.16292
0.16796
0.023724
-0.13196
-0.14698
-0.11732
-0.036036
0.10154
0.14365
0.044744
0.0071582
-0.014032
-0.041808
0.083894
0.12658
0.06749
0.033553
-0.09701
-0.2126
-0.16427
-0.016751
0.052527
-0.05175
-0.18924
-0.216
-0.13361
-0.051699
0.0066281
0.028531
0.036951
0.080888
0.10293
0.13436
0.17279
0.18914
0.16815
0.1499
0.18238
0.18623
0.15371
0.075446
-0.031821
-0.10631
-0.16372
-0.21759
-0.21861
-0.19645
-0.11493
0.067235
0.16119
0.079106
0.066815
0.085394
0.020913
-0.03466
-0.053316
-0.015502
0.062414
0.072649
0.058046
0.092184
0.089984
0.044318
-0.026531
-0.063101
-0.019795
0.017313
0.083724
0.12718
0.072521
0.062428
0.087458
0.097263
0.10155
0.080494
0.074839
0.084811
0.069449
0.045065
0.0082698
-0.039366
-0.094486
-0.12888
-0.089939
-0.05098
-0.018984
-0.025734
-0.084991
-0.096958
-0.068922
-0.050405
-0.011615
0.055885
0.048521
0.0077798
-0.0060656
-0.055803
-0.096016
-0.10888
-0.094191
-0.046471
-0.040664
-0.079878
-0.082357
-0.036336
-0.020394
-0.019797
0.017067
0.0078571
-0.037486
-0.11645
-0.18214
-0.18791
-0.15776
-0.11328
-0.090281
-0.062261
0.021731
0.067483
0.026905
-0.056722
-0.1067
-0.099779
-0.06583
0.0093507
0.061719
0.053775
0.077604
0.13522
0.2032
0.22874
0.16252
0.072596
0.021233
0.016887
-0.017081
-0.065916
-0.054093
-0.019749
-0.024606
-0.054011
-0.029554
-0.005549
-0.013221
-0.0078675
0.060575
0.041827
-0.0093756
0.013647
-0.015898
-0.059701
-0.074044
-0.074771
-0.05605
-0.023657
-0.025563
-0.033843
-0.023346
-0.02441
0.001243
-0.00088462
-0.0055794
0.039557
0.058007
0.030124
-0.019885
-0.017942
0.023565
0.026061
0.056455
0.10412
0.11897
0.11118
0.072761
0.046981
0.002451
-0.052283
-0.042084
-0.050774
-0.083973
-0.093457
-0.12734
-0.15376
-0.15408
-0.15616
-0.094132
0.046489
0.079946
0.043299
0.057648
0.056538
0.079901
0.12626
0.13586
0.12745
0.13885
0.18144
0.18412
0.16757
0.15018
0.121
0.099024
0.070953
0.063973
0.061913
0.04378
0.056471
0.061534
0.047582
0.019994
-0.023688
-0.044308
-0.060296
-0.091888
-0.13354
-0.17171
-0.20283
-0.21207
-0.17593
-0.13286
-0.11256
-0.071583
-0.055201
-0.081894
-0.10636
-0.11078
-0.10042
-0.071857
-0.05294
-0.05364
-0.014544
0.018336
0.045141
0.085331
0.10441
0.12208
0.144
0.13327
0.10979
0.11415
0.12903
0.11182
0.089084
0.088554
0.098354
0.097986
0.07447
0.016303
-0.036657
-0.05938
-0.087018
-0.12278
-0.1347
-0.10373
-0.064799
-0.028823
-0.027257
-0.048049
-0.033532
-0.0062257
-0.011927
-0.029726
-0.026076
-0.0080726
0.021496
0.073169
0.1064
0.10256
0.10298
0.10665
0.1174
0.099849
0.052565
0.027977
0.0073534
-0.021314
-0.049427
-0.052925
-0.048242
-0.036183
-0.008467
-0.0047927
-0.016343
-0.032827
-0.058025
-0.068595
-0.052244
-0.054202
-0.067541
-0.074163
-0.094996
-0.099987
-0.09012
-0.080706
-0.048538
-0.0032755
0.0093252
0.0021179
0.0048376
0.012495
0.013989
0.0080026
0.010691
0.036582
0.047004
0.058399
0.069703
0.050077
0.030853
0.023243
0.010186
-0.0052842
-0.018744
-0.03393
-0.034651
-0.028952
-0.043216
-0.035007
-0.0038614
0.025764
0.049199
0.046181
0.032197
0.029202
0.023278
-0.001034
-0.010944
-0.017613
-0.032735
-0.025113
-0.028559
-0.037882
-0.016767
-0.011909
-0.036559
-0.063282
-0.075001
-0.060838
-0.0511
-0.053137
-0.059741
-0.066957
-0.044185
-0.030183
-0.018984
0.007351
0.019464
0.023078
0.021465
0.02896
0.027451
0.0038511
0.012602
0.021518
-0.0068452
-0.018811
-0.030885
-0.040748
-0.031771
-0.031913
-0.021873
0.0012375
0.031792
0.05752
0.063317
0.07106
0.070096
0.065359
0.078735
0.095459
0.09615
0.084202
0.067662
0.058921
0.054296
0.054005
0.038507
0.032859
0.038275
0.025539
0.013475
0.017884
0.037305
0.032441
0.0047123
-0.0087439
-0.014865
-0.014985
-0.016862
-0.023427
-0.020753
-0.0048806
0.0071039
0.0057997
0.017012
0.0241
0.012772
0.020322
0.04819
0.060571
0.066474
0.061968
0.041439
0.035006
0.023165
-0.0065925
-0.027121
-0.037574
-0.030648
-0.019954
-0.03126
-0.041665
-0.040801
-0.039331
-0.037599
-0.046669
-0.052041
-0.051396
-0.063288
-0.063727
-0.059929
-0.057901
-0.048722
-0.027939
-0.015784
-0.012331
-0.0053958
-0.013548
-0.026797
-0.032261
-0.033019
-0.038401
-0.057609
-0.068491
-0.070528
-0.067767
-0.060724
-0.048405
-0.032809
-0.033037
-0.0304
-0.013399
0.0022729
0.011012
0.0054755
-0.002935
-0.0020632
0.0083211
0.018651
0.011543
0.0041623
0.017912
0.039294
0.048351
0.050693
0.056877
0.060424
0.051196
0.034454
0.01685
-0.0080133
-0.022158
-0.019108
0.0043861
0.026701
0.022935
0.018072
0.021195
0.032644
0.035933
0.024943
0.023453
0.022713
0.020957
0.023454
0.020078
0.022148
0.030873
0.034313
0.038638
0.039653
0.03014
0.019693
0.0053807
-0.0053347
0.0013671
0.0046983
0.0051544
0.0083976
0.018003
0.033275
0.037128
0.037163
0.029661
0.0088267
-0.0073424
-0.012531
-0.011577
-0.012263
-0.01537
-0.020823
-0.032079
-0.040482
-0.028394
-0.0052466
0.0031402
0.0023811
0.00092986
-0.014482
-0.028036
-0.026573
-0.032788
-0.040347
-0.044058
-0.047137
-0.039827
-0.027783
-0.018959
-0.02023
-0.025902
-0.024932
-0.016208
-0.014039
-0.014157
-0.018422
-0.031758
-0.038094
-0.042888
-0.037003
-0.020733
-0.0078142
0.004564
0.0097384
0.01605
0.023277
0.023431
0.023763
0.017327
-0.0013292
-0.010226
-0.0084184
-0.014133
-0.013301
0.000916
0.013325
0.013518
0.0099246
0.006654
0.0080895
0.0075236
-0.00084932
0.0017253
0.010466
0.0081692
0.0052619
0.0072292
0.0006648
-0.0050298
0.0031568
0.010034
0.010875
0.017299
0.024733
0.031129
0.04433
0.049525
0.042231
0.033407
0.030132
0.03086
0.026555
0.020911
0.016323
0.018726
0.028928
0.029985
0.026801
0.025958
0.020563
0.015089
0.013617
0.013358
0.0015413
-0.014292
-0.016985
-0.014842
-0.012005
-0.0081479
-0.01232
-0.017369
-0.012568
0.0021261
0.0099806
0.0081834
0.012377
0.014261
0.023499
0.030183
0.027809
0.022012
0.0073249
-0.0029417
-0.0082415
-0.0035868
0.0017074
-0.0082996
-0.014986
-0.01939
-0.030074
-0.03486
-0.041447
-0.05246
-0.052505
-0.047813
-0.045298
-0.043998
-0.045007
-0.046822
-0.045429
-0.04214
-0.042654
-0.03728
-0.026858
-0.015452
-0.014201
-0.016792
-0.015887
-0.016723
-0.012651
-0.0089985
-0.017984
-0.017021
0.0020188
0.011856
0.0085654
0.0062803
0.0098873
0.024053
0.029869
0.029435
0.02628
0.012148
0.011921
0.022118
0.019256
0.01328
0.0091248
0.00080062
-0.0043972
-0.0011668
-0.0038918
-0.0097941
-0.010447
-0.010236
-0.0047216
-0.0042337
-0.0082236
-0.010385
-0.0081837
-0.0083133
-0.01275
-0.016041
-0.014765
-0.0095897
-0.0061252
-0.0055022
-0.0014657
-0.0025277
0.00014345
-0.00066735
-0.0088714
-0.0092068
-0.0080536
-0.0072102
-0.004593
-0.0012893
0.012497
0.025235
0.026081
0.033701
0.045068
0.046101
0.045292
0.047448
0.053281
0.05752
0.056125
0.054319
0.045255
0.032944
0.02736
0.022329
0.014914
0.010464
0.010321
0.013791
0.0136
0.01014
0.016446
0.023926
0.024504
0.024356
0.027429
0.023158
0.012267
0.0090213
0.010845
0.014618
0.017071
0.013614
0.014172
0.017857
0.0075051
-0.0026997
-0.0020524
-0.0054813
-0.010874
-0.015192
-0.017456
-0.020298
-0.026659
-0.03434
-0.039052
-0.043777
-0.052955
-0.058678
-0.057332
-0.052342
-0.048751
-0.043978
-0.039409
-0.036543
-0.030235
-0.026308
-0.025639
-0.023044
-0.019904
-0.017612
-0.018869
-0.018412
-0.0077658
-0.00063324
-0.0063253
-0.0052592
-0.0022059
-0.0071403
-0.010988
-0.015781
-0.01653
-0.018609
-0.025239
-0.021472
-0.014239
-0.010404
-0.001841
0.0023081
0.0058191
0.010104
0.0068418
0.0076852
0.0080377
-0.0044637
-0.015151
-0.011171
-0.0046896
-0.0079933
-0.0076875
-0.0034887
-0.0023321
0.00080048
0.0054423
0.010377
0.022347
0.036738
0.039186
0.034929
0.031157
0.024434
0.018577
0.015307
0.014432
0.019656
0.017667
0.010461
0.0094776
0.0091796
0.0087257
0.0080358
0.0074325
0.013053
0.0152
0.018952
0.024328
0.021108
0.019188
0.02144
0.023484
0.024377
0.023834
0.023757
0.02058
0.013542
0.008511
0.0007306
-0.00042156
0.0074509
0.0028527
-0.0011967
-0.00022006
-0.0061165
-0.0049641
-0.00058667
-0.0047524
-0.0089711
-0.0094676
-0.013331
-0.019003
-0.023298
-0.027639
-0.039521
-0.048543
-0.044198
-0.033481
-0.023175
-0.013372
0.0023355
0.013898
0.013306
0.010884
0.0092793
0.0086889
0.0048757
0.002887
0.0079656
0.0033813
-0.0053146
-0.0073468
-0.011927
-0.015804
-0.014256
-0.0084237
-0.0040506
-0.0018161
-0.0065585
-0.02093
-0.021529
-0.013845
-0.0031649
0.013579
0.017672
0.010591
0.0058387
0.0055782
0.0046513
0.0030132
0.0055073
0.003749
0.0023635
0.0039105
0.0086386
0.016617
0.023881
0.024594
0.023088
0.019776
0.01262
0.011435
0.0084856
-0.0012724
-0.0064361
-0.0086082
-0.01604
-0.018898
-0.024316
-0.028541
-0.02888
-0.030935
-0.031904
-0.034146
-0.032512
-0.027104
-0.019071
-0.010138
-0.0029839
-0.0022568
-0.006074
-0.0070206
-0.0066099
0.0018536
0.010186
0.016014
0.024933
0.034705
0.038779
0.033322
0.029058
0.027205
0.026588
0.021287
0.00937
-0.0012795
-0.011144
-0.021116
-0.027394
-0.028199
-0.01792
-0.0052027
0.001085
0.0062512
0.01134
0.012459
0.0052792
-0.0033358
-0.0060807
-0.0080681
-0.0077103
-0.0022159
0.0041849
0.0094586
0.01169
0.014257
0.013165
0.0095286
0.009224
0.0096968
0.0093898
0.0095286
0.0097674
0.011785
0.014646
0.017535
0.022969
0.027554
0.029055
0.030365
0.02684
0.02346
0.02522
0.024064
0.021531
0.016944
0.013247
0.014288
0.011548
0.0073173
0.005792
0.001085
-0.0036238
-0.0086911
-0.015163
-0.017415
-0.020087
-0.02426
-0.026784
-0.02398
-0.020324
-0.023971
-0.027557
-0.025581
-0.024718
-0.030384
-0.036401
-0.036037
-0.033637
-0.033912
-0.034257
-0.030472
-0.019218
-0.010512
-0.010723
-0.016116
-0.019379
-0.019423
-0.018488
-0.016002
-0.014836
-0.013445
-0.0041645
0.0058105
0.0091143
0.0066736
0.0079149
0.010466
0.0084074
0.0055899
0.00079453
-0.0072759
-0.01304
-0.012175
-0.011882
-0.012208
-0.0088476
0.0019372
0.012664
0.013557
0.012741
0.013309
0.013489
0.015474
0.014056
0.0097297
0.010714
0.014019
0.015334
0.016826
0.014406
0.014977
0.017354
0.013817
0.012902
0.015334
0.019334
0.022644
0.021277
0.019244
0.01796
0.011252
0.006737
0.0089596
0.010003
0.0070999
0.0030306
-0.001458
-0.0020389
-0.00084891
-0.0015379
-0.0028537
-0.0054261
-0.0069085
-0.0078381
-0.004311
-0.0006779
-0.000178
-0.0023445
-0.0032529
-0.0028018
-0.007878
-0.014177
-0.01634
-0.013405
-0.0095602
-0.0067223
-0.00099682
0.0047633
0.0058283
0.003946
-0.00018488
-0.0014622
0.0015599
0.0023959
-0.0020568
-0.007575
-0.011379
-0.015891
-0.019984
-0.018997
-0.016432
-0.015812
-0.018806
-0.019838
-0.018536
-0.013897
-0.0044453
-0.0014722
0.0017124
0.0069081
0.006979
0.011205
0.018027
0.022901
0.023951
0.019351
0.016279
0.0177
0.020214
0.017466
0.010618
0.0087785
0.010879
0.014286
0.017325
0.016715
0.015974
0.011798
0.0054791
0.0071394
0.010401
0.010349
0.014591
0.015917
0.0068616
-0.0015402
-0.0046022
-0.0054883
-0.0060612
-0.005523
-0.0044444
-0.0057541
-0.011005
-0.019058
-0.018768
-0.013716
-0.0089071
-0.0043278
-0.0081767
-0.015233
-0.018492
-0.01897
-0.01491
-0.011428
-0.014352
-0.017562
-0.016579
-0.011006
-0.0042984
-0.003982
-0.0065878
-0.0034051
0.00014068
0.0021915
0.0099212
0.016603
0.020091
0.020532
0.021068
0.022952
0.018675
0.014982
0.013479
0.0091356
0.0098051
0.011281
0.0055666
-0.0011279
-0.0072212
-0.0096119
-0.0080368
-0.0086249
-0.0086168
-0.0084091
-0.0086181
-0.0085798
-0.010143
-0.013982
-0.018078
-0.021591
-0.02468
-0.025046
-0.020754
-0.017488
-0.013117
-0.0072737
-0.0075308
-0.013941
-0.016637
-0.012873
-0.011306
-0.012243
-0.0075933
-0.00295
-0.0020289
-0.0009859
-0.0014106
-0.00086605
0.0032387
0.0099521
0.015293
0.01892
0.024666
0.02707
0.020352
0.013711
0.010304
0.005472
0.0022531
0.0035943
0.002771
0.0058568
0.010342
0.0093519
0.0092659
0.0096405
0.0093002
0.0089874
0.0064219
0.0052592
0.0065919
0.0058852
7.7499e-06
-0.0025571
-0.0011635
-0.0042032
-0.0065402
-0.0065628
-0.0022292
0.0047726
0.0061914
0.0020732
-0.0028905
-0.0054836
-0.0051238
-0.0064518
-0.0063997
-0.002487
-0.0039095
-0.0058414
-0.0046068
-0.0050722
-0.0047111
-0.0015408
0.0025011
0.0024778
0.0019228
0.0023852
0.0022868
0.0041193
0.006418
0.0060824
0.0083604
0.010021
0.0065987
0.00020706
-0.0058583
-0.010132
-0.017718
-0.024289
-0.023123
-0.018748
-0.015636
-0.013475
-0.0096828
-0.005697
-0.0045255
-0.0040563
0.0010883
0.0061936
0.0060203
0.0055861
0.0052869
0.0027795
0.0053765
0.010907
0.012467
0.01434
0.016605
0.017239
0.018936
0.019514
0.018974
0.020799
0.019398
0.014364
0.0069168
0.0033351
0.0023152
0.0027626
0.0067722
0.0097974
0.0089024
0.0076445
0.0086265
0.0057278
0.00083635
-0.0015926
-0.0032789
-0.0043182
-0.00118
0.0018751
3.229e-05
-9.7155e-05
-0.00034168
-0.0060292
-0.0051451
-0.0044501
-0.0053971
-0.0059777
-0.0088722
-0.0086573
-0.0063152
-0.0037755
-0.0016385
-0.0011085
-0.0027015
-0.0048407
-0.0024846
-0.0010502
-0.005947
-0.009392
-0.0089947
-0.0087839
-0.0079974
-0.0070932
-0.0029033
-0.00027605
0.00089481
0.0049966
0.0021291
-0.0011211
-0.0025273
-0.0077419
-0.0093841
-0.0050361
-0.0070546
-0.0063467
-0.0034645
-0.0063806
-0.0087137
-0.010439
-0.010344
-0.0052756
-0.0042188
-0.0052466
-0.0025583
0.0011644
-0.00015543
-0.0045065
-0.0050197
-0.0047327
-0.0036008
0.00095702
0.0030004
0.0013217
-0.00094202
2.8862e-05
0.0058235
0.0066308
0.0055147
0.0076688
0.0058471
0.0020092
0.0040587
-0.0025274
-0.01145
-0.011053
-0.0069459
-0.0018659
0.0044384
0.0092114
0.0085623
0.0071215
0.010281
0.011588
0.013406
0.013426
0.014113
0.014701
0.011987
0.0094941
0.0058413
0.0055488
0.0062661
0.0053856
0.003762
-0.0026517
-0.0080201
-0.0033418
-0.0023581
-0.0072997
-0.0091888
-0.012922
-0.017791
-0.021176
-0.025256
-0.028642
-0.026753
-0.023708
-0.025152
-0.027042
-0.024081
-0.022745
-0.020606
-0.012469
-0.0070559
-0.0042114
-0.00063345
0.0011944
0.002954
0.0046528
0.0067906
0.0086636
0.010733
0.0097424
0.0092542
0.01072
0.013106
0.013939
0.017119
0.021499
0.018615
0.013608
0.012046
0.011539
0.011267
0.010179
0.0091974
0.009442
0.0072719
0.0055668
0.0076195
0.0094131
0.011563
0.013646
0.0163
0.018595
0.017567
0.012911
0.012676
0.01367
0.014308
0.015368
0.012903
0.015957
0.021956
0.022847
0.016919
0.012907
0.01894
0.021367
0.018037
0.013495
0.010464
0.0088307
0.0049656
-0.00070357
-0.0019025
-0.00079847
0.00034762
0.00039035
-0.0064537
-0.010321
-0.010157
-0.0092901
-0.0093755
-0.014077
-0.0164
-0.015468
-0.015961
-0.01773
-0.019629
-0.019369
-0.01918
-0.019074
-0.016625
-0.015809
-0.019255
-0.018527
-0.015122
-0.016099
-0.016459
-0.015
-0.013989
-0.015466
-0.016153
-0.015283
-0.014213
-0.011839
-0.011188
-0.0077555
-0.0040176
-0.0045473
-0.0020325
-0.00073685
-0.0025594
-0.0040421
-0.0091294
-0.016638
-0.019928
-0.019246
-0.019311
-0.020652
-0.02292
-0.020892
-0.018437
-0.018841
-0.016061
-0.015214
-0.015936
-0.013586
-0.010012
-0.0079313
-0.0057434
-0.0013715
-0.00083215
-0.0014682
0.0016743
0.0068253
0.0099034
0.009546
0.0093449
0.009689
0.010094
0.0090877
0.0058899
0.0060169
0.0091747
0.0098995
0.0090989
0.0078306
0.0046872
0.0021505
0.0022906
0.0048877
0.0083356
0.0099919
0.011655
0.016267
0.01747
0.018208
0.020964
0.020936
0.023451
0.024311
0.022423
0.023512
0.021971
0.020401
0.024829
0.027576
0.026808
0.023977
0.02273
0.023972
0.024705
0.027098
0.028729
0.0305
0.031654
0.030656
0.029197
0.025863
0.0219
0.019286
0.017455
0.012531
0.0099667
0.0054352
-0.0015113
-0.0057995
-0.0081134
-0.0090053
-0.0096339
-0.012967
-0.015431
-0.016043
-0.015677
-0.015767
-0.015802
-0.015737
-0.015786
-0.015763
-0.015766
-0.015724
-0.014529
-0.011887
-0.011723
-0.010126
-0.0081257
-0.011651
-0.015464
-0.018683
-0.020212
-0.02174
-0.026949
-0.030456
-0.029989
-0.027767
-0.026089
-0.026278
-0.026446
-0.02531
-0.022806
-0.022691
-0.02187
-0.017369
-0.013819
-0.0086913
-0.0039536
-0.0049939
-0.0044101
-0.0021325
0.00022994
0.0027964
0.0023031
0.0026659
0.0040982
0.002489
0.0029743
0.0034331
0.0017999
0.0023445
0.0023567
0.0022981
0.0042607
0.0064154
0.0060555
0.0081296
0.011929
0.015229
0.017809
0.019575
0.020763
0.019038
0.014382
0.0092447
0.0064757
0.0055148
0.0059925
0.0058678
0.0051556
0.0034855
0.0018006
0.00028987
-0.0033716
-0.0059146
-0.0078424
-0.0090685
-0.0089253
-0.0099301
-0.0081259
-0.0071487
-0.0081873
-0.0054136
-0.0018826
0.00051612
0.0026923
0.0023389
0.0021344
0.0023301
0.00066465
-0.0017577
-0.0013805
-0.0011374
-0.0010943
0.0010725
0.0036638
0.0071038
0.010213
0.011406
0.013529
0.013698
0.015908
0.017405
0.01539
0.012419
0.0085121
0.0055873
0.0057626
0.0059251
0.0038659
0.001764
0.0023343
0.0024806
0.0036993
0.0057068
0.0031311
0.0029282
0.0059613
0.0029716
0.00050536
-0.00086905
-0.0019276
-0.0026129
-0.0054881
-0.0062793
-0.008553
-0.0089378
-0.0076895
-0.005691
-0.0043288
-0.005178
-0.0048236
-0.0044948
-0.0049564
-0.004991
-0.0048011
-0.0034075
-0.00087254
-0.0012597
-0.0015228
-0.00048091
0.0019309
0.0027481
0.0019586
0.0014036
-0.0013685
-0.0017429
-0.0010114
-0.0013172
-0.0022499
-0.0048243
-0.002181
-0.00048612
-0.001489
0.0014466
0.0028999
0.001836
0.00076972
-0.0017934
-0.00201
-0.0041481
-0.0064141
-0.0079637
-0.0091249
-0.0083433
-0.0086016
-0.0081436
-0.0054965
-0.0043779
-0.0036791
-0.00055798
0.00099286
0.002636
0.0045747
0.0088833
0.010109
0.0090144
0.0095691
0.0094225
0.0093536
0.0094756
0.0093775
0.009281
0.0074995
0.0050574
0.0051141
0.0037741
0.0013143
-0.00074024
-0.0045873
-0.0060283
-0.008211
-0.011504
-0.010578
-0.010606
-0.0087839
-0.0081455
-0.0089764
-0.0086463
-0.010575
-0.012787
-0.012217
-0.012713
-0.011535
-0.0077878
-0.0062676
-0.0046085
-0.0040964
-0.0029527
-0.00097693
0.0020929
0.0025674
0.0018961
0.0032447
0.0058067
0.0070291
0.0091605
0.0098268
0.0090614
0.0094381
0.0087512
0.0084345
0.0095832
0.0093981
0.0092447
0.0088246
0.0068076
0.0059835
0.0056987
0.0057114
0.0054549
0.0030628
0.0015358
0.0023757
0.0021258
0.0020734
0.0021294
0.00053394
-0.0018849
-0.0008685
0.001505
0.0020314
0.0024028
0.0048745
0.0063781
0.0064072
0.0069235
0.0046947
0.0010495
-0.0027389
-0.0049554
-0.0069058
-0.0090048
-0.0087823
-0.0085096
-0.0088009
-0.0086268
-0.0086864
-0.008696
-0.0087119
-0.0099101
-0.011917
-0.010506
-0.011707
-0.013465
-0.012943
-0.012206
-0.012041
-0.011418
-0.0092427
-0.0067094
-0.0047862
-0.0049615
-0.0042823
-0.0013385
-0.0011767
-0.0017553
-0.001324
-0.0015169
-0.00090737
0.0015077
0.001925
-0.00028436
-0.0007352
0.0017413
0.0027083
0.0031972
0.0080248
0.010478
0.011691
0.014871
0.016648
0.017269
0.019412
0.021016
0.021696
0.023156
0.023931
0.023391
0.021043
0.018533
0.015161
0.011914
0.010797
0.0086952
0.0074227
0.0053379
0.0056358
0.0059547
0.0055842
0.0055925
0.0034526
0.001499
0.002318
0.0021844
0.0019604
0.00066623
-0.002235
-0.0024162
-0.0018892
-0.0025209
-0.0014998
-0.0013504
-0.0035485
-0.0055308
-0.0050151
-0.0049357
-0.0049537
-0.0046849
-0.0060156
-0.0071969
-0.0078341
-0.0088853
-0.0069673
-0.0046331
-0.0050356
-0.005139
-0.0049326
-0.0050906
-0.0051537
-0.0071295
-0.011222
-0.013856
-0.016026
-0.017331
-0.020444
-0.023496
-0.023481
-0.022955
-0.023046
-0.023052
-0.022941
-0.021488
-0.018888
-0.017645
-0.013046
-0.0091474
-0.01156
-0.010483
-0.0068223
-0.005247
-0.0046847
-0.0045961
-0.0010527
0.0027869
0.002421
0.0048609
0.010524
0.012267
0.013247
0.013079
0.013126
0.013399
0.012842
0.012943
0.011527
0.0090853
0.0075657
0.0040013
0.0019347
0.0025346
0.0047658
0.0044611
0.0014119
0.0016354
-8.2779e-05
0.00098847
0.0030816
0.002336
0.0052491
0.0064689
0.0054105
0.0060861
0.0077476
0.01086
0.01283
0.010909
0.0081403
0.0065999
0.0047821
0
0
0
0
0
0
0
0
0
0
0
0
0
0
0
0
0
0
0
0
0
0
0
0
0
0
0
0
0
0
0
0
0
0
0
0
0
0
0
0
0
0
0
0
0
0
0
0
0
0
0
0
0
0
0
0
0
0
0
0
0
0
0
0
0
0
0
0
0
0
0
0
0
0
0
0
0
0
0
0
0
0
0
0
0
0
0
0
0
0
0
0
0
0
0
0
0
0
0
0
0
0
0
0
0
0
0
0
0
0
0
0
0
0
0
0
0
0
0
0
0
0
0
0
0
0
0
0
0
0
0
0
0
0
0
0
0
0
0
0
0
0
0
0
0
0
0
0
0
0
0
0
0
0
0
0
0
0
0
0
0
0
0
0
0
0
0
0
0
0
0
0
0
0
0
0
0
0
0
0
0
0
0
0
0
0
0
0
0
0
0
0
0
0
0
0
0
0
0
0
0
0
0
0
0
0
0
0
0
0
0
0
0
0
0
0
0
0
0
0
0
0
0
0
0
0
0
0
0
0
0
0
0
0
0
0
0
0
0
0
0
0
0
0
0
0
0
0
0
0
0
0
0
0
0
0
0
0
0
0
0
0
0
0
0
0
0
0
0
0
0
0
0
0
0
0
0
0
0
0
0
0
0
0
0
0
0
0
0
0
0
0
0
0
0
0
0
0
0
0
0
0
0
0
0
0
0
0
0
0
0
0
0
0
0
0
0
0
0
0
0
0
0
0
0
0
0
0
0
0
0
0
0
0
0
0
0
0
0
0
0
0
0
0
0
0
0
0
0
0
0
0
0
0
0
0
0
0
0
0
0
0
0
0
0
0
0
0
0
0
0
0
0
0
0
0
0
0
0
0
0
0
0
0
0
0
0
0
0
0
0
0
0
0
0
0
0
0
0
0
0
0
0
0
0
0
0
0
0
0
0
0
0
0
0
0
0
0
0
0
0
0
0
0
0
0
0
0
0
0
0
0
0
0
0
0
0
0
0
0
0
0
0
0
0
0
0
0
0
0
0
0
0
0
0
0
0
0
0
0
0
0
0
0
0
0
0
0
0
0
0
0
0
0
0
0
0
0
0
0
0
0
0
0
0
0
0
0
0
0
0
0
0
0
0
0
0
0
0
0
