1.6936e-10
1.4492e-05
0.00039559
0.0011255
0.0012853
0.0013751
0.00091656
-1.924e-05
0.00050684
0.0036466
0.0059669
0.0061615
0.010068
0.002963
-0.012224
-0.0078078
0.0063354
0.01998
0.015722
-0.00089861
-0.0099181
-0.0043124
0.014335
0.012672
-0.001163
0.00087402
0.024594
0.053033
0.0653
0.060815
0.00579
-0.088509
-0.14151
-0.086143
0.036306
0.16286
0.2064
0.10414
-0.0721
-0.18444
-0.16359
-0.073596
0.027813
0.08974
0.090688
0.054608
-0.108
-0.21146
-0.15947
-0.054619
0.10982
0.15654
0.16681
0.21423
0.1534
0.073779
-0.06269
-0.22406
-0.27659
-0.20296
-0.019773
0.15695
0.16813
0.077353
-0.022031
-0.079588
0.064545
0.1448
-0.028898
-0.14009
-0.074031
0.052397
0.090865
0.053313
-0.06566
-0.052771
0.094791
0.063409
-0.062576
-0.20296
-0.30567
-0.19233
0.065534
0.24265
0.25021
0.1015
-0.18523
-0.45165
-0.46155
-0.11723
0.36604
0.59623
0.47149
0.020332
-0.4796
-0.51752
-0.27095
0.029712
0.36203
0.44626
0.19601
-0.036617
-0.11997
-0.13537
-0.10416
-0.16556
-0.17781
-0.02524
0.087597
0.053932
-0.036508
0.0032047
0.021129
-0.071399
-0.054042
-0.034531
0.00082465
0.081005
0.12284
0.17229
0.061308
-0.19049
-0.1806
-0.027019
-0.0054575
-0.023936
-0.044441
0.038022
0.22676
0.21606
0.073117
-0.009344
-0.088203
-0.042496
0.055097
0.034225
0.08315
0.14838
0.059296
-0.046752
-0.079324
-0.15197
-0.19881
-0.063132
0.062184
0.033442
0.0018047
-0.061278
-0.076718
0.039187
0.11344
0.11138
0.085117
0.025059
-0.017379
-0.040104
-0.019035
0.041401
0.033128
0.0082947
0.065205
0.077071
0.026819
-0.019415
-0.075538
-0.065322
0.026336
0.043591
0.056808
0.072485
0.031548
0.011807
-0.00999
-0.0024227
0.12425
0.20774
0.11322
-0.070356
-0.15395
-0.026914
0.2148
0.21858
-0.019612
-0.2334
-0.32882
-0.24371
0.023056
0.17082
0.14271
0.12531
0.078462
0.060332
0.068379
0.0073959
-0.071462
-0.097599
-0.085126
-0.10369
-0.060926
0.044176
0.13814
0.14499
0.079524
0.028069
-0.025169
-0.070137
-0.13272
-0.14322
-0.0059789
0.16484
0.21171
0.217
0.17529
-0.027163
-0.21513
-0.22353
-0.08487
0.087803
0.22651
0.22422
0.043605
-0.16363
-0.32116
-0.32858
-0.10977
0.13003
0.26323
0.19596
-0.055038
-0.19555
-0.16248
-0.003485
0.18679
0.18362
0.072733
-0.14847
-0.35221
-0.3249
-0.19009
-0.038172
0.025686
-0.063848
-0.15448
-0.11951
0.029968
0.20665
0.23074
0.12087
0.012074
-0.015647
0.0031332
0.00082041
-0.047387
-0.1304
-0.21217
-0.22648
-0.19869
-0.10433
0.017788
0.082782
0.061557
-0.046784
-0.14952
-0.1349
-0.10092
0.011077
0.23298
0.28728
0.12099
-0.084684
-0.18387
-0.078945
0.10309
0.14843
0.083998
-0.05264
-0.20561
-0.21901
-0.082807
0.09916
0.27993
0.22076
-0.024023
-0.072784
0.023937
0.090501
0.11127
0.044489
-0.064255
-0.093785
-0.095899
-0.096357
-0.021192
0.078085
0.1104
0.093867
0.030181
-0.066862
-0.051869
0.0032442
0.015499
0.018301
-0.05309
-0.15844
-0.18098
-0.10439
0.046935
0.15883
0.18091
0.079377
-0.09166
-0.14918
-0.1302
-0.056293
0.090889
0.17831
0.17391
0.080423
-0.028223
-0.013839
0.0080404
-0.00048358
0.10237
0.21786
0.1746
0.029657
-0.048242
-0.034307
0.04758
0.14008
0.15875
0.10747
0.10738
0.15933
0.10089
-0.050969
-0.17559
-0.16971
-0.082261
0.044979
0.14437
0.10031
0.027846
-0.038989
-0.10556
-0.069734
-0.02059
0.0061026
0.084657
0.10856
0.07491
0.029411
-0.088272
-0.18517
-0.10425
0.05351
0.13857
0.073635
-0.026976
-0.12608
-0.18499
-0.09007
0.007248
0.029147
0.045925
0.022004
0.0017087
0.013678
-0.018023
-0.010246
0.078791
0.068185
-0.018778
-0.015836
-0.023075
-0.074225
-0.095511
-0.088487
-0.033417
0.010153
0.0081018
0.016364
0.09264
0.085514
-0.020084
-0.055841
-0.028938
-0.015681
0.043687
0.12377
0.13044
0.12348
0.074436
-0.0020568
-0.042852
-0.080179
-0.095669
-0.053301
-0.026655
-0.032233
-0.0021319
-0.018424
-0.064792
-0.077293
-0.069059
-0.040323
-0.019248
-0.039314
-0.043665
-0.032834
-0.004313
0.070864
0.060079
-0.038839
-0.11138
-0.12274
-0.016662
0.10118
0.10702
0.019019
-0.10004
-0.18306
-0.20562
-0.12257
0.027463
0.1191
0.080108
-0.032469
-0.11714
-0.1262
-0.067856
0.0016866
0.01696
0.005053
-0.014885
-0.03004
0.016259
0.073632
0.095445
0.082329
0.029025
-0.039503
-0.03382
0.027324
0.042864
0.033728
0.0024973
-0.058847
-0.035863
0.035743
0.056108
0.030976
-0.024336
-0.026609
0.060078
0.13917
0.13465
0.076415
-0.0077274
-0.061558
-0.016689
0.054206
0.083913
0.096603
0.091577
0.080196
0.058331
0.031965
0.042159
0.054259
0.074426
0.088029
0.055898
0.042613
0.039835
0.01542
0.025699
0.022098
0.014687
0.033404
0.020148
-0.0035717
-0.044111
-0.092277
-0.11138
-0.095108
-0.054462
-0.0083316
0.0085172
0.0039358
-0.015467
-0.038587
-0.044777
-0.014084
0.0079932
-0.025256
-0.065033
-0.07368
-0.074675
-0.094007
-0.10855
-0.093415
-0.045369
0.0038539
0.011479
-0.0013927
-0.028427
-0.067768
-0.056009
-0.014013
-0.0059863
-0.01585
-0.045844
-0.078605
-0.078927
-0.04296
0.025558
0.064396
0.056078
0.04601
0.0034483
-0.059939
-0.078159
-0.06688
-0.036916
0.012522
0.031804
0.048313
0.068038
0.060063
0.028638
-0.020769
-0.027586
-0.00021139
0.01241
0.0095458
0.004986
-0.012062
-0.0080402
0.043733
0.086579
0.082063
0.051573
0.022994
-0.0022649
0.0060625
0.028988
0.023076
0.01858
0.019968
0.016656
0.0041676
-0.011332
0.0082037
0.025271
0.033407
0.029955
0.0069357
0.026254
0.053942
0.048597
0.0022004
-0.050533
-0.077042
-0.067895
-0.034771
0.010617
0.051211
0.050371
-0.0013346
-0.038599
-0.045118
-0.033751
-0.011714
-0.0026329
-0.0099503
-0.015487
-0.018749
0.0012719
0.033501
0.055024
0.036858
-0.0033482
-0.025547
-0.01528
0.020243
0.040836
0.025095
-0.01467
-0.044137
-0.03589
0.00082491
0.023725
0.015001
-0.0024791
-0.017053
-0.013496
0.0022483
0.013997
-0.0042396
-0.017355
-0.011306
-0.007933
0.011038
0.017905
9.956e-05
-0.015283
-0.016294
-0.013069
0.011344
0.015812
-0.010663
-0.007746
0.011348
0.0037723
0.010512
0.01293
-0.011354
-0.01274
-0.0054006
0.0088887
0.019703
0.0014715
-0.021895
-0.033102
-0.011707
0.019795
0.016775
-0.0079303
-0.028315
-0.047391
-0.047036
-0.021356
-0.019003
-0.0027336
0.011282
0.0033582
0.0046386
-0.010768
-0.025339
-0.015042
-0.0043938
0.013914
0.022468
0.031095
0.015458
0.019525
0.042123
0.035495
0.033387
0.026609
0.010347
0.0051856
0.011784
0.029299
0.054051
0.056166
0.044226
0.018722
-0.02093
-0.035002
-0.017815
0.0073184
0.02291
0.024163
0.017381
-0.0076544
-0.0079378
0.014027
0.0099388
0.0031674
-0.0096048
-0.020077
-0.013847
-0.014742
-0.014611
-0.012991
-0.011523
0.001186
0.01473
0.017215
0.011056
0.0030444
-0.015804
-0.033931
-0.03688
-0.030788
-0.017426
-0.001052
0.0054734
0.0036498
-0.0086331
-0.016413
-0.016001
-0.011003
-0.0027514
0.00011867
-0.0047893
-0.01041
-0.012801
-0.011102
-0.0087855
-0.007397
-0.0048144
-0.0023214
-0.0014117
-0.00071539
-0.0013954
-0.001715
-0.00071348
0.00042714
0.0014733
0.0023473
0.0030766
0.0036827
0.0042616
0.0048054
0.0051539
0.0053723
0.0055224
0.0056025
0
0
0
0
0
0
0
0
0
0
0
0
0
0
0
0
0
0
0
0
0
0
0
0
0
0
0
0
0
0
0
0
0
0
0
0
0
0
0
0
0
0
0
0
0
0
0
0
0
0
0
0
0
0
0
0
0
0
0
0
0
0
0
0
0
0
0
0
0
0
0
0
0
0
0
0
0
0
0
0
0
0
0
0
0
0
0
0
0
0
0
0
0
0
0
0
0
0
0
0
0
0
0
0
0
0
0
0
0
0
0
0
0
0
0
0
0
0
0
0
0
0
0
0
0
0
0
0
0
0
0
0
0
0
0
0
0
0
0
0
0
0
0
0
0
0
0
0
0
0
0
0
0
0
0
0
0
0
0
0
0
0
0
0
0
0
0
0
0
0
0
0
0
0
0
0
0
0
0
0
0
0
0
0
0
0
0
0
0
0
0
0
0
0
0
0
0
0
0
0
0
0
0
0
0
0
0
0
0
0
0
0
0
0
0
0
0
0
0
0
0
0
0
0
0
0
0
0
0
0
0
0
0
0
0
0
0
0
0
0
0
0
0
0
0
0
0
0
0
0
0
0
0
0
0
0
0
0
0
0
0
0
0
0
0
0
0
0
0
0
0
0
0
0
0
0
0
0
0
0
0
0
0
0
0
0
0
0
0
0
0
0
0
0
0
0
0
0
0
0
0
0
0
0
0
0
0
0
0
0
0
0
0
0
0
0
0
0
0
0
0
0
0
0
0
0
0
0
0
0
0
0
0
0
0
0
0
0
0
0
0
0
0
0
0
0
0
0
0
0
0
0
0
0
0
0
0
0
0
0
0
0
0
0
0
0
0
0
0
0
0
0
0
0
0
0
0
0
0
0
0
0
0
0
0
0
0
0
0
0
0
0
0
0
0
0
0
0
0
0
0
0
0
0
0
0
0
0
0
0
0
0
0
0
0
0
0
0
0
0
0
0
0
0
0
0
0
0
0
0
0
0
0
0
0
0
0
0
0
0
0
0
0
0
0
0
0
0
0
0
0
0
0
0
0
0
0
0
0
0
0
0
0
0
0
0
0
0
0
0
0
0
0
0
0
0
0
0
0
0
0
0
0
0
0
0
0
0
0
0
0
0
0
0
0
0
0
0
0
0
