5.8423e-10
4.9939e-05
0.0013511
0.0036072
0.0031712
0.0028495
0.0030433
0.0028035
0.0027355
0.0026402
0.0028517
0.0029626
0.0024828
0.0029068
0.0037004
0.0041644
0.0035859
0.0050735
0.0041837
0.0042205
0.010596
0.0092303
0.0023288
0.0075959
0.017657
0.015879
0.010239
0.013249
0.016445
0.020235
0.020853
0.017359
0.019105
0.018083
0.018334
0.032693
0.012763
0.0042318
0.014716
0.016369
0.013842
0.015007
0.01735
0.010345
0.0067104
0.018675
-0.0077833
-0.0063022
0.0028196
-0.0047743
0.0021139
-0.0068076
-0.01396
-0.01095
-0.0058796
-0.009035
-0.017991
-0.0077352
0.001686
-0.022821
-0.02799
-0.024352
0.027231
0.02241
0.010736
0.046702
0.03574
-0.02227
-0.10978
-0.13609
-0.13795
-0.19842
-0.13355
0.054442
0.15254
0.17419
0.079398
-0.068848
-0.11571
-0.11039
-0.14687
-0.19125
-0.18121
-0.027896
0.10658
0.10956
0.088912
-0.029554
-0.16594
-0.25208
-0.097544
0.11554
0.18596
0.28099
0.24134
0.1317
-0.046787
-0.26174
-0.24172
-0.20291
-0.22874
-0.23121
-0.17126
-0.086027
-0.0016712
0.12648
0.20665
0.19202
0.057774
-0.039797
-0.054162
-0.13386
-0.037797
0.21804
0.29393
0.28454
0.26845
0.14918
-0.086494
-0.2633
-0.30771
-0.32259
-0.31115
-0.1887
-0.024974
0.038633
0.07372
0.15323
0.18004
0.20593
0.2355
0.20448
0.1463
0.074786
0.036759
0.049942
0.046825
0.0216
-0.0051669
-0.0043774
0.00662
0.022323
0.086719
0.12537
0.10377
0.078093
0.0651
0.067581
0.053162
-0.017149
-0.045262
-0.010914
-0.035399
-0.068535
-0.071934
-0.059661
-0.006579
0.072614
0.16612
0.20388
0.10843
-0.050964
-0.11986
-0.12521
-0.15821
-0.10232
0.032057
0.098616
0.10504
0.12697
0.15607
0.194
0.18732
0.10298
-0.042193
-0.097957
-0.11622
-0.15854
-0.15514
-0.1314
-0.03445
0.080493
0.10917
0.020178
-0.11997
-0.17105
-0.15076
-0.10815
-0.017742
0.047965
0.034126
-0.023778
-0.055559
-0.05368
-0.055769
-0.025953
0.030793
0.073896
0.079611
0.026173
0.0019664
-0.019242
-0.083321
-0.065733
0.04435
0.09823
0.1227
0.14809
0.077691
-0.063506
-0.11516
-0.093502
-0.094282
-0.0032148
0.1328
0.13029
0.10391
0.099547
0.09099
0.10964
0.052179
-0.029404
0.0069772
0.04491
0.025166
-0.045964
-0.11403
-0.14414
-0.16433
-0.13792
-0.088488
-0.066263
-0.067271
-0.066142
-0.05724
-0.065415
-0.090362
-0.10081
-0.092272
-0.059273
-0.0549
-0.060535
-0.025143
-0.0033671
-0.01318
-0.01614
-0.059097
-0.096586
-0.097841
-0.097018
-0.072702
-0.025803
-0.0056342
0.019142
0.065001
0.084559
0.074162
0.039384
-0.033951
-0.072067
-0.082777
-0.10709
-0.10135
-0.099028
-0.10318
-0.073092
0.020397
0.12458
0.16497
0.18015
0.12243
-0.029878
-0.12121
-0.10458
-0.028434
0.043815
0.044675
0.063611
0.044954
-0.073909
-0.11123
-0.045843
0.0065056
0.087636
0.15222
0.16028
0.16144
0.12461
0.055021
0.069235
0.12098
0.14492
0.16275
0.12539
-0.010907
-0.11389
-0.18399
-0.24794
-0.13647
0.1146
0.20072
0.20146
0.18509
0.11219
0.063536
-0.025571
-0.11665
-0.093575
0.0035583
0.09007
0.09541
0.060043
0.0010634
-0.014991
0.059717
0.076124
0.036453
-0.0041871
-0.033753
-0.026607
-0.040363
-0.046244
-0.019928
-0.024643
-0.025038
0.03584
0.052083
0.030874
0.013508
-0.023196
-0.036062
-0.035832
-0.020697
0.013828
0.028465
0.022539
-0.0033209
-0.010759
0.0085653
8.0794e-05
-0.01329
0.029601
0.060762
0.030793
-0.012973
-0.060732
-0.071766
-0.071537
-0.076935
-0.081055
-0.09935
-0.12912
-0.14046
-0.10985
-0.085662
-0.080792
-0.060329
-0.049404
-0.045505
-0.026788
-0.0045479
0.015166
0.011792
-0.01037
-0.022819
-0.025937
-0.016585
-0.0031833
-0.01417
-0.033095
-0.015665
0.024171
0.053039
0.05475
0.031535
-0.00076472
-0.010865
0.017015
0.046789
0.05676
0.060074
0.055398
0.045916
0.040554
0.031075
0.035525
0.045106
0.047697
0.04061
0.013644
0.0049791
0.02076
0.027427
0.027597
0.022123
0.012186
0.0090682
0.022683
0.03391
0.021662
-0.00092774
-0.011241
0.008651
0.038232
0.047591
0.044627
0.035214
0.021781
0.0055061
-0.011948
-0.0085733
-0.0069032
-0.022559
-0.041076
-0.052494
-0.043986
-0.015689
0.0052526
-0.0026763
-0.017684
-0.021052
-0.014844
0.016227
0.038435
0.031871
0.021977
0.0073595
0.003683
0.021351
0.023191
-0.0010441
-0.02213
-0.027927
-0.021103
-0.0221
-0.025958
-0.018374
-0.014638
-0.0080122
0.00060501
0.0042351
-0.00164
-0.011142
-0.00042584
0.013398
0.0011311
-0.021297
-0.03358
-0.03731
-0.028142
-0.0066929
0.0016172
-0.0063475
0.0038409
0.023023
0.022194
0.012109
-0.0014074
-0.02098
-0.029464
-0.013103
-0.012801
-0.031955
-0.038089
-0.045441
-0.047948
-0.030149
-0.0094701
0.0055565
-0.0065482
-0.030446
-0.021202
0.0060198
0.017105
0.022405
0.027553
0.031285
0.030739
0.027236
0.018899
0.001969
-0.015877
-0.028379
-0.010747
0.025392
0.031502
0.018546
-0.007529
-0.032077
-0.025167
0.0089689
0.04233
0.033446
0.0084709
-0.0064803
-0.00015053
0.013677
0.0093344
-0.0052251
-0.016522
-0.016119
-0.01428
-0.011151
0.0030793
0.013284
0.00080985
0.0016311
0.016497
0.024054
0.02159
0.015932
0.020318
0.025768
0.03525
0.036826
0.016861
0.0023264
0.015388
0.028704
0.029394
0.030699
0.025511
0.0083664
-0.0058996
-0.010826
-0.011925
-0.0080993
-0.0019595
-0.002096
-0.016954
-0.02537
-0.01291
0.0068719
0.013616
0.00091941
-0.01708
-0.027706
-0.027659
-0.02122
-0.013723
-0.01766
-0.022006
-0.02358
-0.021871
-0.010922
-0.011401
-0.030992
-0.042969
-0.036665
-0.022639
-0.013932
-0.016218
-0.02717
-0.039177
-0.041851
-0.034704
-0.022614
-0.012209
-0.008616
-0.012828
-0.01548
-0.019076
-0.026889
-0.032639
-0.034316
-0.0239
-0.0013092
0.013455
0.020691
0.026922
0.03113
0.031673
0.026367
0.015662
0.0029475
0.0022916
0.014113
0.026943
0.035811
0.037394
0.037248
0.035196
0.026251
0.013801
0.0012408
0.0043365
0.019446
0.030811
0.037113
0.036668
0.033008
0.025446
0.021157
0.024993
0.02644
0.026078
0.025656
0.022883
0.019686
0.017306
0.016578
0.014317
0.010234
0.0076021
0.0030516
-0.0017731
-0.003649
-0.0066761
-0.011408
-0.014879
-0.015996
-0.014125
-0.011328
-0.011239
-0.01439
-0.016698
-0.016055
-0.017679
-0.021374
-0.025302
-0.026337
-0.023677
-0.020372
-0.018513
-0.01903
-0.019082
-0.016998
-0.013541
-0.010199
-0.0078808
-0.0059096
-0.0038534
-0.0020395
0.00030413
0.0027267
0.0044476
0.0058571
0.0068199
0.007121
0.0070718
0.0068957
0.006598
0.006117
0.0054699
0.0047248
0.0038834
0.0029543
0.0019653
0
0
0
0
0
0
0
0
0
0
0
0
0
0
0
0
0
0
0
0
0
0
0
0
0
0
0
0
0
0
0
0
0
0
0
0
0
0
0
0
0
0
0
0
0
0
0
0
0
0
0
0
0
0
0
0
0
0
0
0
0
0
0
0
0
0
0
0
0
0
0
0
0
0
0
0
0
0
0
0
0
0
0
0
0
0
0
0
0
0
0
0
0
0
0
0
0
0
0
0
0
0
0
0
0
0
0
0
0
0
0
0
0
0
0
0
0
0
0
0
0
0
0
0
0
0
0
0
0
0
0
0
0
0
0
0
0
0
0
0
0
0
0
0
0
0
0
0
0
0
0
0
0
0
0
0
0
0
0
0
0
0
0
0
0
0
0
0
0
0
0
0
0
0
0
0
0
0
0
0
0
0
0
0
0
0
0
0
0
0
0
0
0
0
0
0
0
0
0
0
0
0
0
0
0
0
0
0
0
0
0
0
0
0
0
0
0
0
0
0
0
0
0
0
0
0
0
0
0
0
0
0
0
0
0
0
0
0
0
0
0
0
0
0
0
0
0
0
0
0
0
0
0
0
0
0
0
0
0
0
0
0
0
0
0
0
0
0
0
0
0
0
0
0
0
0
0
0
0
0
0
0
0
0
0
0
0
0
0
0
0
0
0
0
0
0
0
0
0
0
0
0
0
0
0
0
0
0
0
0
0
0
0
0
0
0
0
0
0
0
0
0
0
0
0
0
0
0
0
0
0
0
0
0
0
0
0
0
0
0
0
0
0
0
0
0
0
0
0
0
0
0
0
0
0
0
0
0
0
0
0
0
0
0
0
0
0
0
0
0
0
0
0
0
0
0
0
0
0
0
0
0
0
0
0
0
0
0
0
0
0
0
0
0
0
0
0
0
0
0
0
0
0
0
0
0
0
0
0
0
0
0
0
0
0
0
0
0
0
0
0
0
0
0
0
0
0
0
0
0
0
0
0
0
0
0
0
0
0
0
0
0
0
0
0
0
0
0
0
0
0
0
0
0
0
0
0
0
0
0
0
0
0
0
0
0
0
0
0
0
0
0
0
0
0
0
0
0
0
0
0
0
0
0
0
0
0
0
0
0
0
0
0
0
0
0
0
0
0
0
