0.00027209
0.00027527
0.00025695
0.00025101
0.00021052
0.0002803
0.00031091
0.00022265
0.00017957
0.00022442
0.00023124
0.00023044
0.00024529
0.00018784
0.00020018
0.000218
0.00021548
0.0002535
0.00018278
0.00020167
0.00025999
0.00019972
0.00018234
0.0001992
0.00024751
0.00024924
0.00019678
0.00024822
0.0002554
0.00024131
0.00024298
0.00019817
0.00019431
0.00018137
0.00020486
0.00022918
0.00012902
0.0001324
0.00024036
0.0002113
7.378e-05
0.00011863
0.00026436
0.00038058
0.0002908
0.00029571
0.00024517
0.00011275
0.00016428
8.3382e-05
5.1004e-05
-1.5123e-05
6.1367e-05
0.00034086
0.00059273
0.0008213
0.00079335
0.00035438
-0.0004328
-0.00090537
-0.00058986
-0.00013223
0.00011413
0.00029863
0.00050653
0.00048554
0.00061932
0.0011211
0.0010492
-0.00048443
-0.0024671
-0.0029943
-0.0019724
-0.0006661
-0.00010081
0.0010875
0.0018173
0.00056657
-0.00018985
-0.00026558
-0.0012413
-0.0035148
-0.0040463
-0.0040652
-0.0041144
-0.0013487
0.0026692
0.0038138
0.0033465
0.0011169
-0.0038513
-0.0060487
-0.0039367
-0.0042878
-0.0046566
-0.0031516
-0.0017613
0.0011937
0.0068971
0.0084662
0.0057108
0.0052776
0.0023163
-0.0048582
-0.0067313
-0.0022777
0.0026458
0.00021075
0.0022376
0.0068736
0.0071351
0.0040607
0.0018376
0.0065304
0.0065915
0.0037374
-0.0058796
-0.0072756
-0.0067524
-0.010365
-0.0002838
0.0059187
0.0036891
-0.0014541
-0.0073572
-0.0071804
-0.00078497
0.0037882
0.0062401
0.0039607
-0.0065239
-0.0040684
-4.2642e-05
-0.0015763
0.0052687
0.01597
0.019714
0.0040757
-0.011685
-0.0076008
-0.0034955
-0.011335
-0.0095358
0.00034055
0.0014304
-0.0072655
-0.014382
-0.0037938
0.015497
0.018988
0.010043
0.00094353
-0.010996
-0.029942
-0.038337
-0.020713
0.0037171
0.02236
0.021153
0.0020918
-0.0073786
0.0014583
0.0033928
-0.011789
-0.015055
-0.0055562
0.0022513
-0.0073623
-0.029051
-0.031551
-0.01363
-0.0089238
-0.0064724
0.011972
0.0095743
0.00041615
-0.012938
-0.015199
0.0044594
0.011077
0.00041317
-0.0087518
-0.0063317
0.0037677
0.017191
0.024198
0.022186
0.024299
0.02626
0.024445
0.024296
0.01874
0.015375
0.0083951
0.011644
0.030304
0.040523
0.03949
0.029064
0.028624
0.015038
-0.0098694
-0.022065
-0.031734
-0.02922
-0.029417
-0.031552
-0.017071
-0.005371
0.0013556
0.020505
0.036997
0.029413
-0.012521
-0.01895
-0.0019406
0.0013187
0.0059598
0.018151
0.013772
-0.011952
-0.0032885
0.02523
0.03018
0.014754
0.0092354
-0.009457
-0.044531
-0.04038
-0.013729
-0.0052925
-0.0067958
0.0021758
0.012484
0.020475
0.02822
0.0072281
0.0010801
0.0024613
-0.016525
-0.031425
-0.055809
-0.051691
-0.0046196
-0.0044374
-0.009988
0.012544
0.020405
-0.00031012
-0.0096542
0.0089007
-0.00046993
-0.015747
-0.022828
-0.020597
-0.0020474
0.0071339
0.0033897
-0.0042742
0.022115
0.041873
0.022762
-0.0023245
-0.026006
-0.031089
-0.031838
-0.030239
-0.012615
-0.0032264
0.0022096
0.00062438
-0.026854
0.0044135
0.053286
0.037399
0.035048
0.01835
-0.03337
-0.05026
-0.048871
-0.031276
0.022569
0.064909
0.07369
0.038347
-0.0023113
-0.0045282
0.011208
0.026383
0.010457
0.011528
0.03606
0.039473
0.020971
0.010888
0.019157
0.013092
-0.024941
-0.057455
-0.05079
-0.045401
-0.045034
-0.039643
-0.035869
-0.021253
-0.021055
-0.0037738
0.00015728
-0.0082712
0.024541
0.025564
0.022552
0.030564
0.033922
0.037011
0.042413
0.033151
0.010928
-0.0043116
-0.029551
-0.044502
-0.02643
-0.011553
-0.025555
-0.036702
-0.011597
0.031963
0.045888
0.022695
0.0089918
0.022229
0.035983
0.019122
-0.037476
-0.037937
0.0011281
0.011313
0.021575
0.010124
0.0059075
0.016404
0.012826
0.01842
0.0066338
0.001458
0.0075993
0.011465
0.0050897
0.0061201
0.002429
-0.015801
-0.0054056
0.013928
0.010203
-0.0048761
-0.024473
-0.026989
-0.017559
0.0076778
0.027662
0.042306
0.047644
0.0076994
-0.046832
-0.049458
-0.039939
-0.04842
-0.051502
-0.056061
-0.042232
-0.038552
-0.061603
-0.093167
-0.10816
-0.097455
-0.11105
-0.14057
-0.13973
-0.12445
-0.10098
-0.072422
-0.078137
-0.11924
-0.13432
-0.07713
-0.013145
0.015222
0.033554
0.061328
0.10404
0.1244
0.098246
0.07479
0.070941
0.055415
0.049429
0.082288
0.084302
0.050999
0.028455
0.01018
-0.019485
-0.048421
-0.050923
-0.077514
-0.099923
-0.076903
-0.080159
-0.080072
-0.033985
0.026395
0.0842
0.084505
0.01444
-0.067393
-0.043406
0.009315
0.015334
-0.010724
-0.028146
0.027164
0.070408
0.03731
-0.015188
-0.10302
-0.14911
-0.14375
-0.13207
-0.07144
0.0079101
0.047495
0.074517
0.13254
0.15879
0.098758
-0.016456
-0.11057
-0.093993
-0.052267
-0.062401
-0.050713
0.0070172
0.080884
0.10559
0.12338
0.11683
0.090592
0.074485
-0.047188
-0.13663
-0.11086
-0.12773
-0.14731
-0.05344
0.042451
0.085905
0.18389
0.25276
0.25923
0.26835
0.22021
0.12768
0.049389
0.017471
0.049028
0.043898
0.018953
0.05199
0.022303
-0.061606
-0.10658
-0.058892
0.087737
0.21444
0.23246
0.14566
0.017049
-0.13468
-0.25729
-0.19517
-0.058163
-0.0012207
0.064194
0.038739
0.053509
0.17931
0.19006
0.18724
0.24
0.17908
0.069751
0.0071095
-0.03268
0.048967
0.11157
0.11741
0.14236
0.11006
0.046544
0.054456
0.028906
0.0017995
-0.0077659
-0.061272
-0.092037
-0.14874
-0.18074
-0.094924
-0.016517
0.10636
0.30655
0.32843
0.20718
0.075119
-0.098485
-0.2447
-0.2926
-0.27854
-0.21328
-0.13585
-0.20423
-0.24495
-0.082894
0.07314
0.10009
0.022684
-0.050617
-0.00067518
0.070364
0.059005
-0.042598
-0.0863
-0.016814
0.047653
0.1323
0.2158
0.22817
0.17451
0.10589
0.023377
-0.084837
-0.16531
-0.18577
-0.11172
0.013879
0.066427
-0.00037032
-0.05642
-0.018868
0.0033877
-0.027821
-0.067376
-0.083165
-0.066433
-0.066953
-0.12106
-0.13112
-0.061864
-0.0039692
0.012891
-0.035445
-0.084308
-0.11468
-0.12445
-0.10194
-0.11596
-0.16003
-0.19268
-0.22229
-0.16884
-0.074608
-0.069041
-0.044023
0.036051
0.065269
0.098409
0.12962
0.079262
0.025902
-0.0027708
0.0041265
0.05752
0.09869
0.057723
-0.013518
-0.044256
-0.049717
-0.041054
-0.065818
-0.10837
-0.10641
-0.06308
-0.012705
0.033185
0.056215
0.068306
0.098036
0.14536
0.17868
0.16824
0.13253
0.11379
0.074159
-0.016381
-0.052089
0.00042011
0.016005
0.006483
-0.03238
-0.086232
-0.057215
0.0087356
0.028282
0.033108
0.042628
0.024108
-0.0043482
0.0051913
0.060018
0.082773
0.055585
0.051355
0.053694
0.070411
0.072189
0.024292
-0.026119
-0.076888
-0.12142
-0.11454
-0.06099
0.011019
0.05142
0.048279
0.018752
-0.02226
-0.035776
-0.015571
0.0032945
0.014984
0.020768
0.019016
0.024775
0.035188
0.03759
0.047225
0.080944
0.090201
0.060268
0.029454
0.0082674
-0.011889
-0.043502
-0.060358
-0.057894
-0.056911
-0.069007
-0.073576
-0.063042
-0.060934
-0.045616
-0.021479
-0.022347
-0.023594
-0.051396
-0.077497
-0.056703
-0.02339
-0.0088934
-0.035761
-0.078888
-0.076013
-0.058655
-0.061394
-0.071957
-0.096314
-0.11512
-0.11457
-0.11207
-0.11773
-0.089446
-0.039726
-0.0047357
0.0058244
-0.0096429
-0.016518
0.0090142
0.065463
0.10936
0.12993
0.1195
0.10272
0.096279
0.10764
0.14168
0.15335
0.11583
0.085905
0.075162
0.058135
0.047618
0.035871
0.039209
0.045757
0.035122
0.018006
0.00148
-0.0015911
0.0082158
0.0036239
-0.0074126
-0.0076907
-0.018343
-0.027916
-0.014627
-0.0016949
-0.0016885
0.0083727
0.022997
0.013839
-0.00071523
-0.0069027
-0.0063144
0.0031121
-0.0018895
-0.013622
-0.022971
-0.055515
-0.10611
-0.11372
-0.074508
-0.025595
0.014779
0.011539
-0.00094714
-0.008511
0.0026041
0.037457
0.042922
0.0010259
-0.028595
-0.022955
-0.010934
-0.0069813
-0.030743
-0.067483
-0.090318
-0.094525
-0.092732
-0.080508
-0.054211
-0.025252
-0.0085461
0.0014887
0.010183
0.019477
0.047285
0.056659
0.052264
0.043637
0.00083849
-0.01848
-0.0011674
0.0068238
0.016688
0.033341
0.054181
0.078122
0.085034
0.085846
0.089686
0.078841
0.055572
0.036369
0.034197
0.040461
0.04532
0.045003
0.038793
0.037092
0.028703
0.019499
0.018459
0.00076996
-0.027362
-0.040816
-0.040983
-0.042008
-0.035285
-0.017904
0.0077257
0.033748
0.038426
0.0055734
-0.039982
-0.053227
-0.040509
-0.031333
-0.019278
-0.011787
-0.018969
-0.031938
-0.034501
-0.028691
-0.0029081
0.018787
0.012369
0.016958
0.011244
-0.011661
-0.0045265
0.0066012
0.0034625
0.0046974
-0.010216
-0.020552
-0.015439
-0.017784
-0.016097
-0.02425
-0.040507
-0.037681
-0.029565
-0.035321
-0.044073
-0.032386
-0.021525
-0.040967
-0.065878
-0.073288
-0.071297
-0.066888
-0.052508
-0.049889
-0.046969
-0.027371
-0.0057652
0.032229
0.056295
0.039993
0.023983
0.0061785
-0.0039438
0.015111
0.026857
0.040415
0.07172
0.091471
0.088309
0.062573
0.047461
0.049803
0.0404
0.0036567
-0.032891
-0.039033
-0.010598
0.017852
0.019659
0.017681
0.020803
0.01663
0.010163
0.0019662
0.0061744
0.012832
0.01739
0.029271
0.017751
0.016713
0.03016
0.015267
0.009801
0.03407
0.047405
0.024328
0.0017227
0.011845
0.030701
0.01939
-0.0059105
-0.027694
-0.026839
-0.032561
-0.053331
-0.042726
-0.027938
-0.026411
-0.014048
0.0042861
0.019894
0.024826
-0.0055818
-0.028749
-0.011212
-0.01294
-0.0282
-0.051038
-0.064804
-0.037291
-0.014476
-0.021054
-0.028205
-0.020476
-0.017108
-0.033133
-0.048253
-0.033199
-0.016993
-0.022141
-0.030912
-0.038035
-0.034064
-0.0094396
0.015067
0.041685
0.049482
0.04288
0.057844
0.068258
0.061913
0.050352
0.029599
0.014438
0.013343
-0.0095764
-0.011172
0.020226
0.034893
0.040039
0.04927
0.07334
0.076139
0.059463
0.048704
0.02645
0.0055916
0.003749
0.010508
0.009375
0.013258
0.027796
0.034977
0.047518
0.060577
0.044159
0.0086389
-0.021183
-0.037246
-0.051631
-0.045406
-0.03117
-0.023352
-0.014434
-0.0051584
-0.01242
-0.024792
-0.029555
-0.052167
-0.080067
-0.089913
-0.078542
-0.053245
-0.032113
-0.031311
-0.036694
-0.034871
-0.02071
-0.0055327
-0.009693
-0.020138
-0.028387
-0.029395
-0.023196
-0.026819
-0.026093
-0.0183
-0.0094065
0.0066588
0.0026412
-0.014566
-0.0072572
-0.0078601
-0.0086026
0.012546
0.023448
0.048731
0.065714
0.061543
0.052815
0.029882
0.011779
0.0066981
0.0031522
0.0036152
0.0010926
-0.0050432
0.001132
0.017727
0.036691
0.046901
0.053038
0.04493
0.022061
0.0092094
0.0036853
0.011873
0.0099718
-0.0056354
-0.0006309
0.0058673
0.0093005
0.015427
0.01818
0.018353
0.01945
0.018664
-0.00043386
-0.020463
-0.031226
-0.03983
-0.041763
-0.039347
-0.035419
-0.026614
-0.016324
-0.013663
-0.011085
-0.004823
-0.0083499
-0.013959
-0.0077097
0.0030514
0.013528
0.0083985
-0.016012
-0.036301
-0.04832
-0.0481
-0.039361
-0.022371
-0.013703
-0.010456
-0.0024121
0.0054482
0.010619
0.0020502
-0.0088757
-0.012584
-0.019389
-0.024249
-0.0091504
0.015215
0.022505
0.0025224
-0.0081315
0.0019731
0.01807
0.023732
0.023209
0.030328
0.036918
0.035999
0.024833
0.018267
0.017808
0.01109
0.0043458
-0.010545
-0.0075937
0.0087892
0.006374
0.0092554
0.01496
0.021451
0.028388
0.01973
0.019409
0.02741
0.022506
0.022282
0.01633
0.012416
0.018866
0.020321
0.022728
0.022012
0.0088476
0.0073521
-0.00030806
-0.025704
-0.04228
-0.047294
-0.033386
-0.025749
-0.033988
-0.02733
-0.02389
-0.040488
-0.044372
-0.042365
-0.049544
-0.052193
-0.044733
-0.029223
-0.0083201
0.0050622
0.001927
-0.0099717
-0.028834
-0.03435
-0.012867
0.00511
0.014903
0.030614
0.043694
0.041745
0.033552
0.038201
0.062913
0.066726
0.04835
0.044838
0.044702
0.028779
0.0027361
-0.0089025
-0.014019
-0.021848
-0.011801
0.0074645
0.0088122
0.0063944
-0.00038136
-0.012806
-0.02388
-0.025228
-0.019187
-0.023604
-0.027872
-0.015822
-0.00126
0.010495
0.014079
0.0058726
-0.015015
-0.043571
-0.067298
-0.073143
-0.061178
-0.021414
0.020994
0.035417
0.033468
0.035116
0.048688
0.059157
0.049396
0.031872
0.0083881
-0.0076243
0.0001094
-7.8662e-05
-0.01396
-0.0044938
0.014485
0.034219
0.054243
0.051514
0.033826
-0.0039975
-0.039133
-0.034201
-0.012784
0.0040435
0.0053502
-0.012092
-0.025267
-0.016774
-0.0061486
0.00079224
0.030625
0.055083
0.052716
0.045224
0.042088
0.02392
0.001965
0.002764
0.0062122
-0.0038213
-0.009295
-0.0019763
-0.011597
-0.033418
-0.050589
-0.051175
-0.027979
-0.02246
-0.039356
-0.058626
-0.074134
-0.073014
-0.056344
-0.055364
-0.055527
-0.050776
-0.046567
-0.029344
-0.014593
-0.0079735
-0.0055694
0.011323
0.037287
0.03941
0.022815
0.011178
0.018202
0.024655
0.034149
0.049805
0.056308
0.058951
0.052746
0.047583
0.046435
0.029375
0.01082
0.0097444
0.010817
0.00011632
-0.0023639
0.002686
-0.0018592
0.0065683
0.014579
0.0079729
0.0082107
0.0074569
0.0028849
-0.007926
-0.028448
-0.04944
-0.047725
-0.032035
-0.033616
-0.049018
-0.065357
-0.068387
-0.03666
-0.0065543
-0.010382
-0.016558
-0.0020531
0.025902
0.045019
0.035615
0.017377
0.0062843
-0.00052131
-0.0014347
-0.0064249
-0.0071446
-0.0040225
-0.0065474
-0.0040254
0.0066276
0.025337
0.032042
0.019058
0.012841
0.02538
0.031982
0.03348
0.033763
0.016715
-0.00728
-0.022453
-0.019336
-0.0035705
-0.0058242
-0.026851
-0.037144
-0.044955
-0.044753
-0.0070395
0.054973
0.085882
0.065192
0.035289
0.032765
0.037069
0.020552
0.0036238
-0.010891
-0.014899
-0.013565
-0.02731
-0.045193
-0.053389
-0.044041
-0.026516
-0.015256
-0.016724
-0.01469
-0.0015349
0.001476
0.011767
0.023313
0.017878
0.009602
-0.0003015
-0.01376
-0.012832
-0.0062779
-0.0060204
-0.007251
0.00018669
0.021027
0.038887
0.041158
0.035184
0.031124
0.032703
0.028204
0.013963
-0.0030018
-0.020351
-0.027764
-0.024485
-0.012594
0.0083785
0.028991
0.04194
0.053133
0.05666
0.047836
0.031112
0.0060443
-0.012135
-0.022933
-0.032052
-0.0318
-0.022299
-0.0063801
0.014523
0.015922
0.0080503
0.0097314
-0.0070135
-0.026427
-0.030978
-0.034839
-0.028485
-0.020306
-0.022793
-0.015978
-0.0099521
-0.02142
-0.030707
-0.02809
-0.029912
-0.023618
-0.011148
-0.0039748
-0.0025174
-0.011335
-0.014172
-4.8177e-05
0.011187
0.014834
0.020119
0.02844
0.022406
0.0053695
-0.0061981
-0.015285
-0.007978
0.0069938
0.0041672
0.00076694
-0.0014065
-0.0072485
-0.020609
-0.027796
-0.016144
-0.0030691
0.016354
0.040306
0.055016
0.053371
0.030741
0.016628
0.013651
0.0072568
0.0041861
0.00046511
0.00024221
0.010596
0.021946
0.028167
0.030675
0.028101
0.023391
0.014612
-0.0001305
-0.013787
-0.02483
-0.035715
-0.052759
-0.060653
-0.045384
-0.026479
-0.0041011
0.015762
0.015676
0.0053048
-0.010644
-0.024143
-0.030197
-0.02878
-0.015586
-0.0087629
-0.0097435
-0.013736
-0.026335
-0.026383
-0.01752
-0.0113
-0.0071176
-0.0081528
-0.007892
-0.013223
-0.025415
-0.029542
-0.010802
0.010495
0.014748
0.0080502
-0.0050426
-0.015383
-0.013626
-0.0031539
0.0088503
0.023164
0.020601
0.011811
0.017026
0.016958
0.020059
0.029453
0.02208
0.01232
0.017728
0.020972
0.01389
0.0096477
0.00039109
-0.00026246
0.015039
0.019103
0.017488
0.014605
0.005665
0.00032384
-0.00055289
-0.0016007
-0.0049391
0.00077126
0.01092
0.0078735
0.0020564
-0.0021817
-0.0028233
-0.0053223
-0.011755
-0.015739
-0.015445
-0.012947
-0.013613
-0.021004
-0.024943
-0.015852
-0.0070345
-0.0053598
0.006742
0.019111
0.015285
0.016496
0.022419
0.022925
0.023906
0.021912
0.025643
0.019181
-0.003538
-0.016515
-0.018732
-0.02065
-0.019904
-0.014084
-0.0053004
0.0013435
0.00037607
-0.0030411
0.0020852
0.0044659
0.0044632
0.0069376
0.001131
0.0047124
0.018651
0.019481
0.0061003
-0.0052275
-0.005474
-0.0083729
-0.015754
-0.01435
-0.0038264
0.0031275
0.0040386
0.017039
0.030474
0.028183
0.022816
0.016872
0.0062934
0.0034476
-0.00059534
-0.0095896
-0.013188
-0.012937
-0.0088173
-0.009313
-0.018007
-0.020393
-0.02151
-0.024078
-0.018625
-0.012504
-0.01272
-0.010021
-0.00409
0.0028771
0.012516
0.013476
0.0079685
0.0065765
0.0089579
0.011608
0.013138
0.010712
0.006161
0.0027944
-0.00061957
0.00024839
0.0043874
0.0024357
-0.00079733
-0.0032099
-0.0042115
-0.0018183
-0.0055669
-0.00288
0.0060946
0.006123
0.0012796
-0.0028094
-0.0049457
-0.0044777
-0.010206
-0.0098466
0.0039322
0.012852
0.015966
0.021448
0.026524
0.021259
0.0097704
0.0022733
-0.0068564
-0.015036
-0.013688
-0.008366
-0.00018537
0.0071226
-0.00049362
-0.0071895
-0.0044145
-0.0044822
-0.0055819
-0.0077763
-0.010192
-0.0084316
-0.0064745
-0.0057107
0.0020709
0.010646
0.0095858
0.0049207
-0.0056113
-0.01429
-0.013125
-0.018698
-0.023235
-0.02546
-0.027939
-0.022676
-0.017928
-0.01468
-0.011752
-0.0027815
0.0097757
0.015548
0.014781
0.013139
0.01137
0.0067618
0.0026194
0.0034699
0.0050735
0.0061612
0.01017
0.0097098
0.0032355
-0.0050336
-0.0069765
0.0017132
0.0079647
0.01429
0.023005
0.029567
0.028896
0.022397
0.016372
0.011188
0.01009
0.015006
0.021848
0.025569
0.024221
0.021379
0.012641
0.0015562
-0.0045517
-0.011281
-0.022211
-0.030589
-0.033056
-0.036086
-0.036463
-0.024481
-0.0088582
-0.00079352
0.0056381
0.0024141
-0.0048066
-0.0016502
0.0029959
0.0036511
0.0028724
-0.00029846
-0.0045855
-0.0046726
-0.0020038
-0.0067984
-0.013023
-0.011932
-0.009051
-0.0028108
0.0028484
0.0061362
0.0081275
0.0038006
-0.0007255
0.0018424
0.0089314
0.017873
0.026134
0.023559
0.0063244
-0.008911
-0.011072
-0.012822
-0.017905
-0.017663
-0.01677
-0.016476
-0.019322
-0.020916
-0.012481
-0.0061532
-0.00351
0.0022727
0.0083569
0.011072
0.015205
0.012763
0.0033759
-0.001858
-0.006141
-0.0089302
-0.0094752
-0.010588
-0.013085
-0.014165
-0.010582
-0.0099556
-0.011705
-0.0080677
-0.0015528
0.0044196
0.0084149
0.0036546
-0.0067922
-0.010104
-0.00024203
0.010975
0.017534
0.020578
0.016811
0.013882
0.016123
0.014289
0.00838
-0.0029978
-0.017603
-0.024678
-0.025381
-0.022868
-0.016969
-0.012959
-0.010716
-0.0061287
-0.0016144
0.0057803
0.011289
0.008866
0.0091144
0.013211
0.01537
0.017717
0.020563
0.021338
0.019638
0.018008
0.013211
0.003305
-0.0028914
-0.0015395
0.0034485
0.010253
0.011866
0.010703
0.010827
0.011636
0.011722
0.0093438
0.0077254
0.0042503
0.0003626
0.0018931
0.0048025
0.0026605
0.0010438
0.00091685
-0.0016026
-0.0063582
-0.011742
-0.016316
-0.020004
-0.020041
-0.0151
-0.0089455
-0.0065578
-0.0084306
-0.0085488
-0.0068728
-0.0044558
-0.005373
-0.0083268
-0.010595
-0.013691
-0.010541
-0.0045734
0.00040694
0.0051135
0.0057325
0.0026837
-0.0042454
-0.0093778
-0.0079902
-0.0010891
0.0053748
0.0087913
0.013779
0.013025
0.0094161
0.014752
0.020041
0.018051
0.012219
0.010371
0.015074
0.018875
0.017872
0.0094311
-0.0013418
-0.0045674
-0.0028082
-0.0029478
-0.0059106
-0.0064456
-0.0062922
-0.010333
-0.013425
-0.012641
-0.01176
-0.0058071
0.0023367
0.0046325
0.0019662
-0.0019758
-0.0011509
-0.00011392
-0.0018378
-0.0021879
-0.0017041
-0.0015643
-0.0030762
-0.0067817
-0.0064307
-0.0037247
-0.0046349
-0.0037693
-0.0026763
-0.0075001
-0.010187
-0.0056052
-0.00588
-0.0086985
-0.0091616
-0.0096442
-0.0098631
-0.0094086
-0.0069127
-0.0036335
-0.0046889
-0.0082516
-0.011782
-0.014833
-0.016616
-0.013087
-0.0036555
0.006771
0.0095683
0.0069992
0.010316
0.01131
0.0087589
0.0094965
0.012198
0.012963
0.0094209
0.011587
0.016104
0.016992
0.014852
0.015445
0.020648
0.019476
0.013055
0.0083434
0.0092051
0.011025
0.0080613
0.0051102
0.00014743
-0.002873
-0.0025664
-0.0046102
-0.0051411
-0.0023489
-0.0019908
-0.0045249
-0.0074819
-0.010492
-0.0098609
-0.0077846
-0.010469
-0.013001
-0.0093923
-0.0050501
-0.0032196
-0.0022364
-0.00043286
0.00051918
0.00081844
0.0042477
0.0081561
0.011359
0.011868
0.010698
0.010304
0.010731
0.010208
0.0072857
0.006307
0.0051052
0.0055947
0.010024
0.0094457
0.0051688
0.0024847
0.0029893
0.00069523
-0.0075634
-0.013899
-0.015771
-0.015492
-0.016331
-0.018177
-0.01745
-0.014961
-0.0088755
-0.005452
-0.0094062
-0.0096841
-0.0043484
-5.5514e-05
0.003335
0.0063585
0.010249
0.012857
0.011139
0.0096465
0.010387
0.010033
0.0085681
0.00921
0.0074574
0.0033818
-0.00051655
-0.0024244
-0.0013752
0.00026249
-0.0014521
-0.0065297
-0.00918
-0.0089393
-0.0088729
-0.0068118
-0.0072724
-0.012825
-0.016859
-0.018937
-0.01702
-0.012894
-0.011516
-0.0096824
-0.0088553
-0.012574
-0.016458
-0.016761
-0.014911
-0.014232
-0.013616
-0.0087918
-0.0026491
0.0006353
0.0026611
0.0053648
0.0059893
0.0013703
-0.0047578
-0.0064552
-0.0034088
-0.00073554
0.0019319
0.003568
0.0051817
0.0080575
0.0089211
0.0093068
0.0097398
0.011512
0.015667
0.018998
0.020524
0.021811
0.024039
0.024201
0.022407
0.019722
0.014252
0.011827
0.013063
0.01477
0.016211
0.01265
0.0080851
0.0085507
0.0076366
0.0043919
0.0048248
0.0070236
0.006273
0.0032553
-0.0029594
-0.0085917
-0.011745
-0.014038
-0.016882
-0.020925
-0.020067
-0.014553
-0.010313
-0.0051306
-0.0023202
-0.0044298
-0.0085401
-0.0087972
-0.0026503
0.0026621
0.0039947
0.0035328
0.0016825
0.002158
0.002997
0.0011265
0.0034062
0.0095161
0.013946
0.014245
0.0092678
0.0012178
-0.0036528
-0.0037026
-0.0026134
-0.0015151
-0.0018327
-0.00087906
-0.00050703
-0.0053706
-0.0082158
-0.0053756
-0.0042439
-0.0048684
-0.0036909
-0.0024234
-0.0028255
-0.0033225
-0.0031577
-0.0033073
-0.0025772
-0.0034382
-0.0074869
-0.011891
-0.015172
-0.016503
-0.014327
-0.010652
-0.0044878
0.0010371
-0.0015755
-0.0071884
-0.01165
-0.012945
-0.010807
-0.010107
-0.010613
-0.010192
-0.011346
-0.014081
-0.016727
-0.016611
-0.01245
-0.0071829
-0.0038464
-0.00081882
0.0015149
0.0017139
0.0039261
0.0047627
0.0024514
0.0014807
0.0028495
0.0046789
0.0069673
0.0085987
0.0080229
0.0065811
0.0035708
0.0041903
0.0084327
0.011972
0.013284
0.01243
0.014064
0.016373
0.015762
0.014992
0.013141
0.012707
0.015011
0.01601
0.016086
0.016645
0.017004
0.015702
0.013848
0.014323
0.012446
0.00786
0.0035541
0.0019997
0.0024417
0.0032111
0.0041663
0.0040511
0.0029343
0.0017583
-0.00033116
-0.000501
0.00030921
-0.0033461
-0.0073934
-0.0082373
-0.0078818
-0.0063118
-0.0052944
-0.0053004
-0.00582
-0.0071739
-0.007447
-0.0034806
0.0021152
0.0028202
0.0006058
-0.00012999
-0.0020101
-0.0054902
-0.010873
-0.013907
-0.010145
-0.0064219
-0.0054603
-0.0053311
-0.0055594
-0.0045329
-0.0026217
-0.0036783
-0.0059731
-0.0057835
-0.0040998
-0.0021723
-0.0028713
-0.0056584
-0.0085273
-0.011839
-0.011612
-0.0095344
-0.010471
-0.010625
-0.0089244
-0.0065846
-0.0031865
-0.00054754
0.00014317
-0.00025564
0.00020086
0.0017115
0.0028673
0.0023802
0.00081872
0.00079095
0.00034533
-0.00026604
0.0016017
0.0019283
0.0016657
0.0043361
0.0077647
0.010352
0.010716
0.0085368
0.0065703
0.0057271
0.0076668
0.0090055
0.007854
0.0061673
0.0040408
0.0022977
0.00093591
0.0011622
0.0021335
0.0025928
0.0027889
0.0022624
0.0026999
0.0043386
0.0039647
0.00060336
-0.0021199
-0.0018658
-0.0030267
-0.0048849
-0.0047533
-0.0038267
-0.0018099
-0.0003569
-0.0021513
-0.0026562
-0.0010364
-0.00057452
-0.0013024
-0.0027607
-0.003967
-0.0048176
-0.0043951
-0.0037113
-0.0022319
-0.00019771
-0.0015014
-0.0027308
-0.0035629
-0.0039306
-0.00089035
0.0021941
0.0034091
0.0048141
0.0052655
0.0050602
0.0074595
0.01199
0.012471
0.0090429
0.0055787
0.00143
-0.0015144
-0.0022162
-0.0024275
-0.0018651
-0.0018481
-0.0016432
-0.0026003
-0.0055946
-0.0062731
-0.0063098
-0.008436
-0.010186
-0.010208
-0.0085549
-0.0039003
0.0021655
0.005779
0.006728
0.0057399
0.0055941
0.0066137
0.0059805
0.0054267
0.0054243
0.0047679
0.0048871
0.0046811
0.0038449
0.0042233
0.0061427
0.0059892
0.0044409
0.0039024
0.0044667
0.0051546
0.0042373
0.0011874
-0.0016625
-0.004722
-0.0066246
-0.006903
-0.0076535
-0.0066154
-0.0064101
-0.0085599
-0.0097263
-0.011021
-0.011923
-0.010949
-0.0089736
-0.0061946
-0.0049979
-0.0059936
-0.0074411
-0.0075449
-0.0061861
-0.0052011
-0.0049914
-0.0043674
-0.0026003
-0.0026228
-0.0044995
-0.0045082
-0.0029632
-0.0011593
-0.00057204
-0.00064549
7.1484e-05
0.00053236
0.00044792
-0.00011151
-8.9715e-05
0.0011465
0.0033085
0.0073522
0.009791
0.0093308
0.0090069
0.0091328
0.010753
0.01227
0.010592
0.0079666
0.0058098
0.0053394
0.0059296
0.0047476
0.0046678
0.0052976
0.0054711
0.0069059
0.0073637
0.0066341
0.0063335
0.0059988
0.005131
0.0046484
0.0035511
0.0023478
0.0018872
0.0012399
8.8157e-05
-0.0028333
-0.0062566
-0.0078018
-0.00889
-0.010113
-0.010098
-0.0084058
-0.0065155
-0.0053963
-0.0038948
-0.0035646
-0.0039693
-0.0034009
-0.0036313
-0.0040145
-0.0025099
-0.00016049
0.0022905
0.004473
0.0046959
0.0025724
0.00092652
-0.00034352
-0.0031355
-0.0037419
-0.0028668
-0.0017219
-0.00070257
-0.0027915
-0.0068422
-0.010215
-0.010703
-0.0084283
-0.0077916
-0.007383
-0.0050616
-0.0016494
0.0020235
0.0036331
0.0023152
0.00066393
-0.00092082
-0.0028318
-0.0038695
-0.0034434
-0.00301
-0.0026633
-0.0023969
-0.0022888
-0.0012303
-0.00092647
-0.001902
-0.00065625
0.0013113
0.0011471
0.0013908
0.0019584
0.0019759
0.0023156
0.0030387
0.0033725
0.003282
0.0020966
6.9093e-05
-0.0009782
-0.0011938
-0.0006997
0.00089559
0.0018576
0.0013915
0.0011012
0.0024601
0.0042414
0.0057769
0.0058478
0.0035471
0.0018779
0.0023662
0.0037352
0.0052991
0.0072533
0.0092122
0.0094932
0.0071659
0.0041681
0.0027448
0.0023299
0.0015869
0.00076476
0.00059778
0.00093211
0.00077299
0.00057154
0.00090164
6.9483e-05
-0.0023054
-0.0036821
-0.0030932
-0.0015359
-0.00042583
0.00012236
0.00019216
-0.00038304
-0.0010082
-0.0012508
-0.00013622
0.0018233
0.0032671
0.0036329
0.0022538
0.001036
0.0017478
0.0032806
0.0037497
0.0033504
0.0037441
0.0041257
0.0043575
0.0040959
0.0031112
0.003146
0.0037918
0.0038076
0.0031615
0.0025791
0.0018316
0.00080352
-0.00038335
-0.0010871
-0.00097995
-0.000964
-0.0017136
-0.0020726
-0.0026661
-0.0038653
-0.0045185
-0.0050973
-0.0056957
-0.0060519
-0.0068353
-0.0074929
-0.0073446
-0.0069063
-0.0061062
-0.0054613
-0.0052643
-0.0046102
-0.0039215
-0.0037614
-0.0035414
-0.0033934
-0.0034759
-0.0031938
-0.0025833
-0.001686
-0.00083926
-0.00047899
-0.00025177
-8.9094e-05
0.00015321
0.0004942
0.00050224
0.00052702
0.00066613
0.00084109
0.0010883
0.0014494
0.0018994
0.0019827
0.0018824
0.0018533
0.001807
0.0018893
0.0018666
0.0016774
0.0016176
0.0016214
0.0016487
0.0016399
0.0017246
0.0020874
0.0023475
0.0022425
0.0020017
0.001766
0.0015391
0.0014129
0.0013264
0.0012145
0.0010512
0.00088729
0.00083898
0.00074413
0.00059988
0.00042459
0.00021722
6.322e-05
-5.5167e-05
-0.00013953
-0.00015333
-0.0001992
-0.00029986
-0.00032778
-0.00029365
-0.00035198
-0.00051686
-0.00059761
-0.00058677
-0.0005795
-0.00056546
-0.00052747
-0.00048989
-0.00045658
-0.00044345
-0.00041208
-0.00034764
-0.00028749
-0.00024867
-0.00021767
-0.00017375
-0.0001155
-6.4993e-05
-4.0296e-05
-1.3928e-05
1.7699e-05
2.9115e-05
3.0628e-05
3.9484e-05
5.3036e-05
6.8888e-05
7.7333e-05
7.5845e-05
6.8895e-05
5.9045e-05
5.3956e-05
4.6393e-05
3.6494e-05
2.9876e-05
2.1482e-05
1.2366e-05
4.5585e-06
-4.8057e-06
-1.5458e-05
-2.3187e-05
-3.0157e-05
-3.8567e-05
-4.7268e-05
-5.5993e-05
-6.4442e-05
-7.2789e-05
-8.0646e-05
-8.7633e-05
-9.3956e-05
-9.9948e-05
-0.00010597
-0.00011202
-0.00011801
-0.00012392
-0.00012965
-0.00013525
-0.00014074
-0.00014616
-0.00015151
-0.00015678
0
0
0
0
0
0
0
0
0
0
0
0
0
0
0
0
0
0
0
0
0
0
0
0
0
0
0
0
0
0
0
0
0
0
0
0
0
0
0
0
0
0
0
0
0
0
0
0
0
0
0
0
0
0
0
0
0
0
0
0
0
0
0
0
0
0
0
0
0
0
0
0
0
0
0
0
0
0
0
0
0
0
0
0
0
0
0
0
0
0
0
0
0
0
0
0
0
0
0
0
0
0
0
0
0
0
0
0
0
0
0
0
0
0
0
0
0
0
0
0
0
0
0
0
0
0
0
0
0
0
0
0
0
0
0
0
0
0
0
0
0
0
0
0
0
0
0
0
0
0
0
0
0
0
0
0
0
0
0
0
0
0
0
0
0
0
0
0
0
0
0
0
0
0
0
0
0
0
0
0
0
0
0
0
0
0
0
0
0
0
0
0
0
0
0
0
0
0
0
0
0
0
0
0
0
0
0
0
0
0
0
0
0
0
0
0
0
0
0
0
0
0
0
0
0
0
0
0
0
0
0
0
0
0
0
0
0
0
0
0
0
0
0
0
0
0
0
0
0
0
0
0
0
0
0
0
0
0
0
0
0
0
0
0
0
0
0
0
0
0
0
0
0
0
0
0
0
0
0
0
0
0
0
0
0
0
0
0
0
0
0
0
0
0
0
0
0
0
0
0
0
0
0
0
0
0
0
0
0
0
0
0
0
0
0
0
0
0
0
0
0
0
0
0
0
0
0
0
0
0
0
0
0
0
0
0
0
0
0
0
0
0
0
0
0
0
0
0
0
0
0
0
0
0
0
0
0
0
0
0
0
0
0
0
0
0
0
0
0
0
0
0
0
0
0
0
0
0
0
0
0
0
0
0
0
0
0
0
0
0
0
0
0
0
0
0
0
0
0
0
0
0
0
0
0
0
0
0
0
0
0
0
0
0
0
0
0
0
0
0
0
0
0
0
0
0
0
0
0
0
0
0
0
0
0
0
0
0
0
0
0
0
0
0
0
0
0
0
0
0
0
0
0
0
0
0
0
0
0
0
0
0
0
0
0
0
0
0
0
0
0
0
0
0
0
0
0
0
0
0
0
0
0
0
0
0
0
0
0
0
0
0
0
0
0
0
0
0
0
0
