-5.635e-05
-5.6357e-05
-6.1581e-05
-5.917e-05
-6.1596e-05
-5.8128e-05
-5.737e-05
-5.9398e-05
-5.7964e-05
-6.1035e-05
-6.1497e-05
-6.0766e-05
-8.0845e-05
-7.6793e-05
-6.1897e-05
-7.9111e-05
-8.0147e-05
-6.0246e-05
-9.049e-05
-8.2449e-05
-9.6985e-05
-8.6646e-05
-6.7897e-05
-7.2247e-05
-5.9134e-05
-9.4745e-05
-6.7422e-05
-7.473e-05
-9.2064e-05
-3.9587e-05
-6.2048e-05
-7.8504e-05
-5.0488e-05
-6.4238e-05
-0.00010509
-8.8164e-05
-7.9092e-05
-6.9043e-05
-7.3937e-05
-7.6264e-05
-9.9415e-05
-6.4133e-05
-5.2259e-05
-7.4167e-05
-4.7565e-05
-9.0494e-05
-9.0964e-05
-8.9494e-05
-6.9437e-05
-5.7172e-05
-6.5397e-05
-8.305e-05
-8.5689e-05
-8.3629e-05
-0.00013189
-8.0511e-05
-8.7147e-05
-0.00012169
-0.00012988
-9.4242e-05
-7.8742e-05
-5.0259e-05
-6.3013e-05
-6.3641e-05
-4.2396e-05
-3.4886e-05
-0.00010648
-0.00016273
-6.6966e-05
-6.9889e-05
-5.8341e-05
-0.00011079
-0.00020784
-0.00026368
-0.00031467
-0.00023161
-0.0001116
-0.0001681
-5.3709e-05
-0.00015423
-0.00044538
-0.00039458
-0.00043421
-0.00035786
-0.00031077
-0.00060462
-0.00061168
-0.00044855
-0.00048439
-0.00043984
-0.00082674
-0.00066218
-0.00058534
-0.0019318
-0.0012786
-0.00064615
-0.00051546
-0.00032981
-0.0025621
-0.0014301
6.8673e-05
-0.0016416
-0.0011245
-0.0020626
-0.0033722
-0.00055027
0.0011518
-0.0002817
-0.0021411
-0.0023091
3.0402e-05
0.00054566
-0.0011146
-0.00090474
-0.00078081
-0.0028481
-0.0031455
-0.00053633
0.00090357
-0.0018843
-0.0019216
0.0013994
0.003153
0.0033469
8.8366e-05
-0.001357
-0.00053828
-0.0021755
0.00031134
0.0054757
0.0044916
0.00038936
0.00047615
0.0020214
0.0025537
0.0089954
0.0025068
-0.0070096
-0.0064066
-0.0040477
0.0044406
0.0049076
-0.0054264
-0.0075348
-0.00077105
0.0049519
0.0019924
-0.010376
-0.0057425
0.0013939
-0.0022726
-0.0094153
-0.012678
-0.0059456
0.0011148
-0.00012892
-0.0021406
-0.0028764
-0.0021387
-0.003024
-0.0048349
0.0030037
0.010876
0.0032522
-0.0020756
0.0040582
0.0019364
-0.0038999
-0.003987
-0.0075395
-0.0023048
-0.0046763
-0.0073852
0.003064
-0.0048952
-0.011001
-0.0027392
0.003876
0.019224
0.020679
0.001752
-0.018078
-0.018574
0.0025302
0.0069338
-0.0065239
-0.0033864
0.006918
-0.0016724
-0.0085483
-0.011499
-0.010806
0.0036539
0.018513
0.017141
0.0017924
-0.0094129
-0.0095595
-0.0076987
-0.0096539
-0.018238
-0.0074088
0.010013
0.0098823
0.012562
0.012237
0.003434
0.0056073
0.023063
0.01477
-0.0051277
-0.0077961
-0.010066
-0.0019848
0.01803
0.020761
0.0072358
0.0015521
-0.010891
-0.019854
-0.024328
-0.021502
-0.0022853
0.010333
0.0102
0.00090486
0.003721
0.0070868
-0.0068228
-0.0031507
0.015946
0.025638
0.013493
-0.0064471
-0.016779
-0.028001
-0.022587
0.0074871
0.0033337
-0.0021303
0.031283
0.054743
0.039994
0.017793
0.013383
-0.0063304
-0.016601
0.021109
0.02578
-0.010889
-0.0048545
0.010911
0.011134
0.014679
-0.008915
-0.01989
0.013861
0.04004
0.030864
0.003195
-0.008234
-0.008435
-0.018144
-0.011835
0.024312
0.032133
0.012135
-0.0006082
-0.020628
-0.041843
-0.03497
0.0039852
0.018226
0.012101
0.041603
0.039885
0.01067
-0.00092277
-0.018101
-0.011072
0.010137
0.0042644
0.0094219
0.0089142
-0.0062737
-0.012034
-0.0068928
0.011006
0.044387
0.045542
0.019202
-0.0056524
-0.02495
-0.02507
-0.0086371
0.014741
0.0047107
-0.0017964
0.024984
0.015504
0.0055644
0.03149
0.041395
0.017194
-0.020452
-0.035621
-0.03125
-0.018658
0.0081634
0.013212
-0.0016266
-0.010771
0.010266
0.029355
0.0059486
-0.033238
-0.031412
-0.012416
-0.012634
-0.011173
-0.010655
-0.038768
-0.055106
-0.019184
0.035569
0.064648
0.014752
-0.045836
-0.042028
-0.02922
0.00033246
0.026141
0.012933
-0.023241
-0.038817
-0.0058963
0.025785
0.038734
0.030535
0.012307
0.026794
0.02389
-0.010575
-0.014648
0.00062044
-0.0040657
0.00043691
0.024253
0.030095
-0.0035068
-0.057513
-0.067307
-0.030969
-0.010647
-0.017722
-0.022589
-0.017458
0.011465
0.038773
0.020648
-0.032387
-0.04702
-0.032326
-0.0243
-0.020205
-0.026714
-0.014248
-0.0010688
-0.0012502
-0.0013919
0.0069664
0.010712
0.0047966
0.0023712
0.010873
0.0053722
-0.020355
-0.013057
0.0048491
-0.006532
-0.016162
-0.03125
-0.0079134
-0.0025853
-0.052192
-0.041516
-0.012739
-0.053674
-0.050789
0.0047368
0.020093
0.0089569
-0.0019894
-0.011389
-0.013488
0.0097816
0.052358
0.064517
0.021745
-0.02569
-0.011665
0.01893
0.01188
0.0045232
0.00027407
-0.03524
-0.063447
-0.077562
-0.058015
0.030724
0.052249
0.010046
0.0022573
-0.027984
-0.047832
-0.028985
-0.047881
-0.069927
-0.057142
-0.011619
0.012812
0.012778
0.04852
0.0981
0.085051
-0.0086255
-0.057395
0.013553
0.11915
0.14043
0.10264
0.10437
0.11699
0.063089
-0.0099333
-0.0088524
0.0017852
-0.028052
-0.036368
-0.041008
-0.073224
-0.071627
-0.090733
-0.10065
-0.064802
-0.11989
-0.14255
-0.046548
0.038929
0.066444
0.055052
0.028752
0.0010779
-0.061759
-0.10861
-0.096485
-0.066864
-0.0017413
0.063904
0.030355
-0.049596
-0.048031
0.030694
0.040657
0.011965
0.028706
0.031359
0.095823
0.19124
0.11907
-0.016784
-0.046323
-0.06097
-0.043776
0.012206
0.067382
0.074255
0.049634
0.080223
0.076316
0.039175
0.1045
0.18127
0.19958
0.16149
0.091456
0.083902
0.08941
0.043351
0.032747
0.061466
0.0012543
-0.10156
-0.12018
-0.087547
-0.031928
-0.0032154
-0.059786
-0.064137
0.059622
0.18526
0.17193
0.0076312
-0.081722
0.0027515
0.061015
0.00061924
-0.058022
-0.079359
-0.12606
-0.055292
0.019023
-0.096754
-0.1257
-0.036773
0.076087
0.20239
0.17229
0.096352
0.016702
-0.035696
0.057876
0.097083
0.04979
-0.0074094
-0.12546
-0.19159
-0.093846
-0.046829
-0.11281
-0.10796
-0.079774
0.059241
0.23401
0.26372
0.18586
0.054578
-0.059417
-0.059122
-0.022947
-0.023428
-0.02118
-0.028923
-0.032751
-0.062162
-0.066289
-0.021408
0.0024775
0.0059094
-0.0036417
-0.086353
-0.16775
-0.15366
-0.12974
-0.21043
-0.28106
-0.19549
-0.08681
-0.049876
-0.0041257
0.072747
0.080122
0.072457
0.117
0.11368
0.015068
-0.034632
0.090913
0.15604
0.13961
0.17067
0.14206
0.10049
0.16757
0.18245
0.049329
-0.099956
-0.15922
-0.17938
-0.28584
-0.38261
-0.28311
-0.11145
0.028499
0.1228
0.13364
0.052324
-0.086474
-0.11545
-0.0036003
0.0014265
-0.11679
-0.20781
-0.2294
-0.084215
0.072097
0.053305
-0.088008
-0.18907
-0.13265
-0.011483
0.05107
0.073357
0.088247
0.083518
0.074759
0.066376
-0.014986
-0.13857
-0.20446
-0.20826
-0.18031
-0.13827
-0.096334
-0.072615
-0.037456
0.051667
0.15569
0.17407
0.12923
0.16228
0.22699
0.2197
0.16865
0.096852
-0.049261
-0.21172
-0.24622
-0.17545
-0.07641
0.0098901
0.07357
0.1385
0.21437
0.24762
0.20182
0.13283
0.10267
0.10196
0.15004
0.19508
0.15172
0.066407
0.005295
-0.08557
-0.1701
-0.14677
-0.084707
-0.066323
-0.063653
-0.051878
-0.0039393
0.073793
0.11628
0.089865
0.019517
-0.02042
0.016828
0.069748
0.086166
0.1108
0.11245
0.07186
-0.0054289
-0.089375
-0.10379
-0.072194
-0.029173
0.05149
0.11143
0.06679
-0.027948
-0.045224
-0.030807
-0.053601
-0.073209
-0.069405
-0.031729
0.010034
-0.044524
-0.16112
-0.24117
-0.28639
-0.30518
-0.29035
-0.21071
-0.10244
-0.033111
0.044533
0.14526
0.21397
0.23447
0.23006
0.19552
0.10131
0.034754
0.051378
0.038377
0.0014157
0.048259
0.091461
0.081368
0.08254
0.079769
0.0617
0.085204
0.10036
0.061244
0.052068
0.050489
0.011491
-0.05201
-0.099258
-0.091449
-0.081035
-0.089786
-0.075063
-0.055529
-0.048281
-0.060005
-0.039783
0.056483
0.12666
0.14012
0.13746
0.10917
0.080656
0.066863
-0.0084703
-0.10516
-0.11294
-0.082373
-0.066317
-0.029874
-0.0051537
-0.038303
-0.075542
-0.044214
0.015899
0.038866
0.041566
0.076202
0.11146
0.078515
0.031619
0.032189
0.020062
-0.022789
-0.04181
-0.040024
-0.055189
-0.09919
-0.12922
-0.1406
-0.12241
-0.068109
-0.03164
-0.016952
-0.0095361
0.0088734
0.048811
0.057067
0.0099381
-0.038823
-0.082242
-0.10915
-0.082563
-0.055704
-0.050951
-0.026974
-0.016551
-0.029504
-0.010319
0.0038728
-0.020869
-0.027278
-0.0079549
0.0079151
0.042623
0.057579
0.038004
0.061685
0.092283
0.042579
-0.048391
-0.11628
-0.15753
-0.1589
-0.1348
-0.12013
-0.10252
-0.080862
-0.06373
-0.046218
-0.023816
0.0073439
0.04916
0.097143
0.11619
0.13343
0.15981
0.14612
0.11187
0.090998
0.098652
0.099257
0.071467
0.066312
0.082275
0.077188
0.072458
0.075194
0.063189
0.055234
0.018141
-0.07487
-0.14761
-0.16078
-0.12852
-0.053529
0.0010961
0.017513
0.035311
0.048247
0.063865
0.084521
0.04704
-0.029657
-0.057211
-0.025082
0.023311
0.061398
0.090292
0.089158
0.040316
0.0014157
-0.018928
-0.045332
-0.058389
-0.072109
-0.09952
-0.10761
-0.075218
-0.041499
-0.033774
-0.053264
-0.063833
-0.020207
0.04651
0.095885
0.090908
0.030749
-0.0084005
-0.0064487
-0.0065023
-0.0077585
-0.040961
-0.0843
-0.064322
-0.0046024
0.048542
0.076218
0.08097
0.097974
0.12754
0.11289
0.061434
0.0081919
-0.029582
-0.018711
0.037197
0.071931
0.059865
0.047515
0.062801
0.073707
0.087649
0.11738
0.12771
0.11692
0.10036
0.071271
0.018779
-0.021027
-0.016041
-0.034142
-0.075603
-0.075526
-0.062121
-0.068229
-0.07147
-0.08502
-0.088418
-0.046419
-0.023871
-0.049913
-0.067996
-0.0604
-0.043024
-0.035475
-0.025472
0.00077671
0.020483
0.04312
0.058828
0.046509
0.020231
0.0028463
-0.001198
-0.036844
-0.08991
-0.086642
-0.028915
0.026987
0.038794
0.002213
-0.041354
-0.031631
0.020412
0.022601
-0.029899
-0.074735
-0.086174
-0.094545
-0.12276
-0.13526
-0.12092
-0.11881
-0.10829
-0.040211
0.022476
0.021904
0.0051338
-0.020496
-0.048498
-0.036548
-0.020864
-0.0095623
0.012561
0.00096324
-0.0099604
0.042425
0.093213
0.097692
0.10923
0.12971
0.15544
0.17123
0.13377
0.05874
0.0060765
0.014993
0.031836
0.036521
0.035656
-0.0025441
-0.051569
-0.073988
-0.073008
-0.065465
-0.050166
-0.015329
0.021139
0.047441
0.063339
0.057618
0.049588
0.054104
0.058217
0.071774
0.069515
0.033917
0.021548
0.038395
0.045957
0.049535
0.048633
0.028015
0.013456
0.030882
0.03018
-0.002588
-0.011585
-0.013078
-0.040401
-0.059584
-0.073915
-0.081787
-0.080883
-0.089091
-0.068419
-0.022426
-0.017147
-0.057746
-0.073042
-0.043943
-0.026388
-0.033087
-0.028813
-0.023589
-0.027108
-0.032243
-0.054098
-0.092178
-0.11945
-0.10987
-0.073354
-0.01416
0.046039
0.049938
0.015115
0.0048423
0.028915
0.034459
-0.013908
-0.044942
-0.025473
-0.0017615
0.015231
0.016793
-0.0033809
0.0082725
0.026898
0.012231
-0.0098271
-0.01132
-0.00062667
-0.010515
-0.044208
-0.079149
-0.079969
-0.066028
-0.058417
-0.023156
0.024323
0.038168
0.041586
0.054633
0.054038
0.046008
0.051789
0.050792
0.040373
0.050905
0.087688
0.12605
0.13968
0.12728
0.11185
0.11225
0.10849
0.076177
0.04384
0.024702
-0.0014052
-0.014524
-0.00082588
0.010196
0.011226
0.0067875
-0.01199
-0.044483
-0.052477
-0.030031
-0.029683
-0.050621
-0.046227
-0.025121
-0.0070081
0.0097046
0.030686
0.04973
0.055799
0.051183
0.041081
0.016359
-0.026401
-0.055688
-0.050006
-0.027163
-0.011196
0.0068072
0.032806
0.032334
0.015304
0.0091002
0.00026121
-0.022863
-0.049657
-0.058983
-0.056168
-0.059092
-0.050324
-0.031996
-0.034136
-0.049932
-0.058556
-0.067387
-0.081141
-0.069355
-0.031966
-0.0071188
-0.00049822
0.0083263
0.030845
0.030808
-0.020432
-0.066577
-0.062153
-0.034046
-0.014503
-0.0028907
0.009606
-0.0013535
-0.032279
-0.03774
-0.015809
-0.0034534
-0.0099725
-0.012879
-0.01367
-0.010531
0.016744
0.046441
0.056508
0.054822
0.050966
0.031913
-0.0089869
-0.034185
-0.023395
0.0070879
0.026051
0.026741
0.04424
0.080844
0.09433
0.070882
0.027925
-0.016457
-0.040523
-0.018613
0.013646
0.012732
0.0033979
-0.021863
-0.059857
-0.055177
-0.026302
-0.0010699
0.038531
0.062103
0.062489
0.042517
0.024774
0.042086
0.057622
0.073348
0.096422
0.059962
-0.015963
-0.054498
-0.03631
0.0035459
-0.010778
-0.01901
-0.0025783
-0.047504
-0.063086
-0.01098
-0.016426
-0.095608
-0.13192
-0.1011
-0.087965
-0.08377
-0.033954
-0.001341
-0.033228
-0.053327
-0.025572
0.032008
0.090544
0.12592
0.1367
0.067294
-0.054047
-0.12855
-0.15569
-0.13932
-0.12655
-0.072758
0.075452
0.16641
0.15324
0.10995
0.024322
-0.064075
-0.043106
0.025444
0.031158
0.050852
0.090869
0.065243
0.032238
0.06417
0.07674
0.011813
-0.014211
0.046719
0.053669
-0.026748
-0.028156
-0.0050061
-0.091648
-0.17185
-0.16968
-0.098418
0.0079336
0.046203
0.082409
0.17446
0.22733
0.18143
0.048594
-0.10634
-0.19389
-0.14898
-0.066523
-0.052261
-0.012144
0.073646
0.11655
0.14138
0.12552
0.06112
0.033437
0.0060021
-0.035683
-0.026741
-0.0058197
-0.040173
-0.093385
-0.10952
-0.11579
-0.13929
-0.14155
-0.088816
-0.012314
0.0079315
-0.031047
-0.04169
-0.01022
0.0020391
0.021673
0.05871
0.073343
0.070204
0.083121
0.10818
0.096694
0.035502
-0.026877
-0.039815
-0.0071067
0.025383
0.021936
0.030305
0.075957
0.080383
0.023692
-0.012424
0.0021754
-0.0049137
-0.023247
0.015878
0.042122
-0.0086076
-0.093633
-0.14642
-0.13523
-0.093169
-0.053659
0.014998
0.094295
0.1257
0.12371
0.11806
0.071897
0.0018017
-0.02019
-0.020195
-0.055175
-0.096375
-0.08861
-0.057468
-0.044734
-0.032968
-0.013176
-0.011871
-0.037642
-0.05083
-0.02587
0.0072595
0.0067035
-0.019468
-0.036386
-0.025438
0.017812
0.076344
0.1108
0.10054
0.067676
0.048149
0.03917
0.01844
-0.0006636
-0.0043799
0.011963
0.04597
0.077476
0.096655
0.10877
0.11094
0.10465
0.077823
0.035967
-0.0021699
-0.039401
-0.059496
-0.072628
-0.096178
-0.09298
-0.066219
-0.051864
-0.044325
-0.044391
-0.044932
-0.027352
-0.0022309
0.010194
-0.0018786
-0.020933
-0.012941
0.021412
0.039317
0.018413
-0.0088605
-0.021957
-0.033486
-0.042551
-0.048541
-0.055488
-0.055239
-0.05555
-0.067496
-0.068425
-0.058199
-0.05931
-0.064662
-0.058918
-0.049486
-0.038963
-0.020101
0.0099691
0.031588
0.032717
0.035897
0.057257
0.077981
0.073354
0.050942
0.020075
-0.0064953
-0.012241
-0.011734
-0.02278
-0.032817
-0.026877
-0.006762
0.0098687
9.1331e-05
-0.022418
-0.029493
-0.028356
-0.022129
0.0062087
0.043307
0.064083
0.071988
0.074721
0.070453
0.050867
0.018664
0.00025759
0.0042385
0.014356
0.015878
0.012339
-0.00068447
-0.019832
-0.031572
-0.024041
0.0056239
0.028591
0.037275
0.042348
0.032671
0.016925
0.0086097
-0.0027466
-0.015434
-0.023457
-0.024926
-0.020357
-0.014962
-0.0080409
-0.0048402
-0.0083673
-0.0071222
-0.002058
-0.0018517
-0.0093824
-0.026433
-0.040791
-0.037391
-0.017337
0.014287
0.052656
0.094216
0.12848
0.13929
0.13004
0.1138
0.092258
0.059273
0.02495
-0.0057307
-0.033705
-0.05586
-0.069207
-0.080034
-0.0944
-0.10698
-0.11435
-0.11341
-0.1139
-0.11885
-0.11256
-0.092556
-0.06208
-0.034163
-0.022494
-0.022477
-0.028181
-0.036731
-0.039646
-0.035316
-0.024558
-0.0034285
0.019643
0.03486
0.03674
0.031294
0.032494
0.036835
0.032096
0.021415
0.01589
0.013899
0.017695
0.026507
0.025619
0.017299
0.014964
0.018165
0.017927
0.016413
0.019524
0.017233
0.0092186
0.013651
0.026007
0.028078
0.020914
0.011062
-0.0049296
-0.0087969
0.01501
0.039867
0.046963
0.051207
0.060293
0.06513
0.060845
0.052581
0.044452
0.036575
0.03269
0.030217
0.021373
0.015053
0.0090552
-0.0049737
-0.02013
-0.032616
-0.039206
-0.039275
-0.038169
-0.039602
-0.04466
-0.049852
-0.046766
-0.035273
-0.025396
-0.023722
-0.026937
-0.030868
-0.029002
-0.026336
-0.029918
-0.025785
-0.010827
-0.0046481
-0.0080756
-0.010572
-0.0081454
-0.00024057
0.0027275
0.0006435
0.0020589
0.0057822
0.0072131
0.0059618
0.0093598
0.012558
0.0010221
-0.019388
-0.030329
-0.026628
-0.019216
-0.013245
-0.0065404
-0.0038452
-0.0053663
-0.0019968
0.0088681
0.023435
0.032889
0.029552
0.01914
0.0095709
0.0049448
0.0019595
-0.005447
-0.0073444
0.00092619
0.0090319
0.025186
0.043024
0.05223
0.058335
0.058665
0.053148
0.040626
0.023323
0.015136
0.019449
0.025392
0.02949
0.032807
0.031108
0.017153
-0.0036431
-0.013027
-0.012707
-0.015254
-0.013425
-0.0073531
-0.0057715
-0.011719
-0.020481
-0.01959
-0.015446
-0.01759
-0.015558
-0.0076408
-0.00076263
0.0058176
0.0092385
0.0088191
0.0053902
-0.0035519
-0.017206
-0.030798
-0.040484
-0.043998
-0.040106
-0.027249
-0.0057316
0.012994
0.022152
0.019241
0.005685
-0.0076741
-0.023123
-0.042719
-0.055545
-0.055164
-0.043398
-0.030472
-0.019254
-0.0087814
-0.010352
-0.017833
-0.017571
-0.016351
-0.021299
-0.027579
-0.022295
-0.0073722
0.0033426
0.0058278
0.002227
0.0012868
0.010461
0.021449
0.021204
0.015349
0.017149
0.023241
0.021659
0.016466
0.019216
0.02642
0.025111
0.020737
0.022337
0.023241
0.025158
0.031927
0.036222
0.031579
0.021853
0.016652
0.013034
-0.00042494
-0.011512
-0.006251
0.0021365
0.0013497
-0.0039213
-0.0079149
-0.0063779
-0.0033602
-0.0014633
0.0003719
-0.0043681
-0.0071309
0.00053813
0.004826
-0.0019374
-0.012847
-0.019768
-0.027169
-0.035801
-0.040298
-0.045741
-0.053115
-0.0574
-0.054902
-0.049188
-0.043947
-0.031797
-0.012708
0.0074342
0.024049
0.03395
0.039063
0.039774
0.039264
0.041082
0.037381
0.028446
0.027832
0.034565
0.036499
0.033265
0.028871
0.024048
0.020578
0.015515
0.0078407
0.0030438
0.0048429
0.0061867
0.0026699
-0.0030196
-0.0079513
-0.0055279
0.0011198
-0.00073009
-0.010289
-0.016853
-0.018639
-0.017556
-0.01274
-0.013148
-0.019267
-0.017672
-0.0081545
-0.00062143
0.0043661
0.010409
0.01409
0.012618
0.010314
0.0071195
-0.0023454
-0.012099
-0.014258
-0.015793
-0.021939
-0.027252
-0.025209
-0.020346
-0.01747
-0.01176
-0.0058195
-0.0012732
0.0037156
0.006278
0.0072873
0.0059557
0.0050871
0.011047
0.015629
0.013069
0.0080824
0.0037275
0.0016976
-0.0023566
-0.005391
0.0010109
0.00636
0.0042867
0.0033532
0.0030667
-0.001147
-0.0074073
-0.012118
-0.012179
-0.011074
-0.0075676
0.0029198
0.016343
0.024846
0.028856
0.032658
0.034418
0.034854
0.035485
0.03378
0.026798
0.020631
0.022586
0.032995
0.041215
0.038882
0.033497
0.027659
0.01957
0.011041
0.0022786
-0.011926
-0.027403
-0.032693
-0.031793
-0.035907
-0.042438
-0.043208
-0.038938
-0.03217
-0.021712
-0.012426
-0.011892
-0.019002
-0.026196
-0.029286
-0.029235
-0.024737
-0.0184
-0.01302
-0.0078344
0.0011106
0.015142
0.024906
0.023513
0.013998
0.0051169
0.004519
0.0035702
-0.0026781
-0.0095097
-0.014601
-0.015854
-0.012649
-0.0072484
-0.0008369
0.006309
0.010141
0.00954
0.010778
0.012899
0.0077023
-0.00050055
-0.0068826
-0.012847
-0.017187
-0.017254
-0.014834
-0.014982
-0.019126
-0.02215
-0.020854
-0.019255
-0.019199
-0.014482
-0.00765
-0.0047475
-0.0021276
-0.0014208
-0.0030143
-0.00072415
0.0054402
0.0095905
0.012487
0.018168
0.023545
0.021487
0.016237
0.014593
0.014486
0.015693
0.018588
0.016629
0.010193
0.0066392
0.0051595
0.0010336
-0.0056148
-0.010498
-0.017026
-0.026497
-0.028206
-0.024513
-0.022689
-0.018952
-0.013417
-0.0089629
-0.0090391
-0.011521
-0.010008
-0.0091033
-0.01452
-0.017256
-0.014789
-0.01527
-0.016717
-0.017881
-0.019248
-0.014956
-0.0027081
0.011057
0.016884
0.016984
0.018121
0.02108
0.028741
0.035876
0.038105
0.042203
0.044975
0.042704
0.036398
0.029574
0.02699
0.026052
0.02829
0.033755
0.036942
0.036075
0.031111
0.02463
0.013576
-0.0027901
-0.015097
-0.021733
-0.025238
-0.027951
-0.033954
-0.040278
-0.04445
-0.047279
-0.045664
-0.041791
-0.039936
-0.037081
-0.030688
-0.020373
-0.010004
-0.0010521
0.0073556
0.011886
0.014667
0.019717
0.02165
0.01953
0.01687
0.015783
0.021395
0.029084
0.031507
0.032292
0.036344
0.039322
0.035863
0.029245
0.021357
0.010138
-0.0014006
-0.0085111
-0.013692
-0.018787
-0.021086
-0.020509
-0.016948
-0.010667
-0.0074836
-0.010857
-0.01555
-0.01661
-0.013732
-0.010761
-0.010331
-0.007775
-0.00012815
0.0064414
0.010609
0.017522
0.022678
0.02138
0.01883
0.016839
0.013274
0.01179
0.013348
0.012877
0.010236
0.0071427
0.0081546
0.012459
0.012289
0.0077675
-0.00051527
-0.009743
-0.012852
-0.010676
-0.0088487
-0.0078764
-0.009454
-0.013051
-0.010814
-0.0047258
-0.00073556
-0.0012242
-0.0024373
0.0036087
0.010117
0.009253
0.006327
-0.0013901
-0.0088109
-0.0080723
-0.010626
-0.016092
-0.017431
-0.016731
-0.015196
-0.013629
-0.014333
-0.013869
-0.0075041
-0.0027657
-0.0037913
-0.0041569
-0.0034747
-0.0048953
-0.0054164
-0.0040693
-0.0037473
-0.0033891
-0.0043732
-0.0055434
-0.0043423
-0.0045941
-0.0072422
-0.0080801
-0.0059289
-0.0057061
-0.0079316
-0.0099331
-0.0099015
-0.011395
-0.015956
-0.019293
-0.018176
-0.013121
-0.0076777
-0.0031923
0.0028012
0.010754
0.015602
0.017044
0.020986
0.02686
0.027323
0.021279
0.016096
0.013504
0.0091202
0.0049205
0.00074903
-0.0074044
-0.016157
-0.020986
-0.020699
-0.019101
-0.022558
-0.025653
-0.021235
-0.014594
-0.013004
-0.016119
-0.018239
-0.017687
-0.014196
-0.008709
-0.0041235
-0.0008249
0.00039211
0.0012353
0.0038634
0.0036333
0.0003076
-0.00020428
0.0044194
0.0091292
0.010136
0.0097284
0.0078295
0.002905
-0.00016936
-0.0014754
-0.004529
-0.0063603
-0.0032144
0.0014772
0.0023392
-0.00084335
-0.0032571
-0.002486
0.00017711
0.0048056
0.011576
0.018019
0.022634
0.022568
0.020226
0.017795
0.014483
0.012627
0.0089568
0.0038033
0.0032664
0.0097179
0.020042
0.025461
0.025526
0.02563
0.025024
0.022539
0.018081
0.011884
0.0090126
0.012238
0.018159
0.02083
0.019067
0.015534
0.009528
0.0044168
0.0012924
-0.0052012
-0.012743
-0.017349
-0.019438
-0.018492
-0.014999
-0.0095503
-0.0041826
-0.0034143
-0.0059075
-0.0073843
-0.0067864
-0.0047674
-0.0027438
-0.0036452
-0.0084381
-0.012003
-0.011443
-0.012217
-0.014354
-0.012568
-0.0090687
-0.0084933
-0.010797
-0.011344
-0.010403
-0.010162
-0.0091584
-0.0078458
-0.0077384
-0.0089148
-0.0072519
-0.0010913
0.0046759
0.009369
0.014346
0.017104
0.016558
0.014782
0.013522
0.014739
0.016446
0.015837
0.018191
0.023892
0.026264
0.024492
0.020513
0.014878
0.009957
0.0086063
0.0084517
0.004634
-0.0016386
-0.0059742
-0.0078675
-0.011004
-0.01519
-0.017439
-0.021376
-0.026829
-0.030257
-0.032515
-0.034414
-0.035734
-0.036699
-0.03567
-0.030834
-0.023984
-0.018079
-0.013051
-0.0077093
-0.0039443
-0.00098006
0.0036943
0.0083702
0.0098952
0.0082433
0.0073693
0.0081826
0.0062513
0.0028295
0.0022635
-0.00042881
-0.0084637
-0.015499
-0.017138
-0.015985
-0.01316
-0.0080221
-0.0023417
0.0020057
0.0057538
0.0086185
0.0094644
0.0094215
0.0090028
0.0082615
0.009217
0.011958
0.012521
0.0099752
0.0069796
0.0059181
0.0066555
0.0072958
0.0070868
0.0071593
0.0092627
0.01249
0.014787
0.014013
0.0086126
0.0032603
0.0024389
0.0038343
0.0066838
0.0090266
0.010214
0.012205
0.01071
0.0063258
0.0027167
-0.00029772
-0.0017144
-0.0031952
-0.0055668
-0.008676
-0.010957
-0.010208
-0.0067232
-0.00025806
0.0060027
0.0089635
0.010767
0.011957
0.011016
0.0064256
-0.001354
-0.0074318
-0.0092633
-0.009275
-0.0078641
-0.0038276
-0.0011338
-0.0023978
-0.0055447
-0.0083346
-0.0095268
-0.0102
-0.012183
-0.014362
-0.016269
-0.016689
-0.013354
-0.0095021
-0.0071223
-0.005009
-0.0033013
-0.0042675
-0.0073897
-0.0093739
-0.0098064
-0.0091559
-0.0088688
-0.0098518
-0.010149
-0.0085504
-0.0065959
-0.0061371
-0.0062172
-0.0032251
0.0011328
0.0057126
0.010519
0.012893
0.012618
0.011099
0.0097803
0.0087083
0.0080702
0.0098628
0.015629
0.023587
0.030077
0.033625
0.034982
0.032361
0.025988
0.018916
0.01226
0.0084722
0.0079528
0.0075583
0.0074529
0.0085896
0.0099376
0.010395
0.0095449
0.0091324
0.0087554
0.0066762
0.0034273
0.00039464
-7.9111e-05
0.002055
0.0060022
0.011268
0.015343
0.017155
0.016467
0.011899
0.006716
0.0041405
0.00062809
-0.0051981
-0.0085895
-0.0093082
-0.012153
-0.01782
-0.023211
-0.026802
-0.029428
-0.030823
-0.029748
-0.02772
-0.026518
-0.02526
-0.021999
-0.017831
-0.014244
-0.011123
-0.0086518
-0.0066003
-0.0050669
-0.0046854
-0.0048919
-0.0053145
-0.0068524
-0.0094432
-0.010734
-0.0097805
-0.0097306
-0.011174
-0.012012
-0.012524
-0.013601
-0.015933
-0.016894
-0.012427
-0.0059115
-0.0011038
0.0030198
0.0061117
0.0067286
0.0064517
0.0071665
0.0092214
0.012327
0.014721
0.015776
0.017352
0.018583
0.017693
0.016611
0.015192
0.012354
0.0094265
0.0071609
0.0035478
-0.0022676
-0.0071714
-0.0090994
-0.0088011
-0.0070006
-0.0053231
-0.0056937
-0.0071007
-0.0071635
-0.0068473
-0.0072763
-0.0068448
-0.0037417
0.00025965
0.0018344
0.0032634
0.0068772
0.011417
0.014519
0.015333
0.013904
0.01029
0.0046917
-0.0020359
-0.0079901
-0.011324
-0.011332
-0.0087819
-0.0058364
-0.0039352
-0.0043739
-0.0056704
-0.0042241
-0.00056653
0.0028328
0.0052009
0.0024618
-0.004311
-0.0075578
-0.0062756
-0.0044429
-0.0024438
-0.00035519
0.00011965
0.00031753
6.491e-05
-0.0010135
-0.00093547
-0.0031514
-0.003352
0.0025506
0.0081199
0.0082229
0.0056978
0.0039876
0.0060013
0.0094229
0.011885
0.01262
0.012459
0.013888
0.015245
0.014036
0.010934
0.0073542
0.0044131
0.0024873
0.0021891
0.0035179
0.0045123
0.006199
0.0097936
0.014134
0.016617
0.015534
0.01312
0.010885
0.0080535
0.0058878
0.005513
0.0054159
0.005384
0.0053448
0.0043876
0.0037623
0.0043355
0.0047607
0.003601
0.0024853
0.0024184
0.0031177
0.0049292
0.0058964
0.0044732
0.0025493
0.0018426
0.00048875
-0.0047473
-0.011519
-0.014762
-0.014832
-0.012493
-0.0092991
-0.0072967
-0.007396
-0.0078849
-0.0077585
-0.0085375
-0.010098
-0.011441
-0.011649
-0.0099798
-0.0090146
-0.011168
-0.016067
-0.020928
-0.02442
-0.025586
-0.023434
-0.019815
-0.016953
-0.014704
-0.012785
-0.012796
-0.013377
-0.013526
-0.013263
-0.012737
-0.012566
-0.011128
-0.0067901
-0.0030644
-0.0022358
-0.00047504
0.0026083
0.0043225
0.0060958
0.0077596
0.0095008
0.013379
0.017577
0.019731
0.020941
0.022013
0.024541
0.027047
0.025469
0.022184
0.018754
0.012647
0.0040751
-0.0028971
-0.0063424
-0.0085172
-0.0097688
-0.0090767
-0.007994
-0.0061424
-0.004046
-0.002678
-0.0010846
0.0026325
0.0066282
0.0089751
0.011069
0.014587
0.016526
0.015696
0.014546
0.013242
0.011644
0.010383
0.01008
0.010575
0.0093991
0.0056535
0.0017963
2.1582e-05
-0.00091772
-0.0035556
-0.0089983
-0.013041
-0.014825
-0.018208
-0.021648
-0.023691
-0.026119
-0.028835
-0.03079
-0.031102
-0.029445
-0.025993
-0.020946
-0.0155
-0.010659
-0.0070808
-0.0054122
-0.0044019
-0.0021173
-0.00074285
-0.0012184
4.07e-05
0.0035087
0.0081697
0.012143
0.013168
0.013588
0.014968
0.016379
0.01748
0.016906
0.014478
0.012544
0.012832
0.013905
0.014718
0.016305
0.016136
0.012612
0.0094181
0.0070851
0.0030224
-0.00079956
-0.0021707
-0.0016477
-0.0026765
-0.0038269
-0.0011857
0.0010918
-0.00034591
-0.0030915
-0.004789
-0.0052074
-0.0044617
-0.0027002
-0.0013341
-7.4121e-05
0.0011743
0.00099633
-0.0001269
-0.0012203
-0.0020178
-0.0033164
-0.0054215
-0.006716
-0.0069303
-0.0050883
-0.00096582
0.0015461
0.0018721
0.0018707
0.0027279
0.0040868
0.0044859
0.0040265
0.0027688
0.0018005
0.0014935
0.0016374
0.0019566
1.6473e-07
-0.0027003
-0.0045551
-0.0078884
-0.011117
-0.011115
-0.0092762
-0.0075839
-0.0056187
-0.0046168
-0.0050415
-0.0038374
-0.0028538
-0.002674
2.5727e-06
0.0027286
0.0029801
0.002892
0.0029917
0.0030118
0.002805
0.0015388
0.00029838
0.00096418
0.0030211
0.0055215
0.0087663
0.011202
0.011333
0.011521
0.012991
0.015147
0.018186
0.021254
0.021942
0.019397
0.016202
0.012478
0.0079599
0.0040835
0.0013279
-0.00055293
-0.0020634
-0.0027896
-0.0025127
-0.0029151
-0.0037957
-0.004518
-0.0054533
-0.0066559
-0.0076702
-0.0075609
-0.0077441
-0.0084841
-0.0087142
-0.0080809
-0.0068962
-0.0052768
-0.0026432
0.00041248
0.0021856
0.0015371
-0.0011588
-0.0041827
-0.0057512
-0.0054896
-0.0042659
-0.0025654
-0.00087136
-0.0005212
-0.0019815
-0.0039235
-0.0060474
-0.0082405
-0.010494
-0.011711
-0.011227
-0.0097265
-0.0070352
-0.0047552
-0.0044447
-0.0042599
-0.0034206
-0.0021092
-0.00039887
0.00035226
0.00039516
0.00029384
-0.00023971
-0.0016404
-0.0038291
-0.0058718
-0.0081021
-0.010828
-0.012418
-0.012625
-0.012148
-0.011005
-0.00966
-0.0085309
-0.0071285
-0.0049165
-0.0036179
-0.0025273
-0.0012482
-0.0015309
-0.0019942
-0.0016608
-0.0007926
0.00024904
0.00037587
0.0016785
0.0044095
0.0060687
0.0067607
0.0070783
0.0073895
0.0074166
0.0065761
0.0053611
0.0045381
0.0054021
0.0076743
0.0094378
0.0099364
0.010059
0.010829
0.011473
0.011313
0.010527
0.0098771
0.00943
0.0085852
0.006533
0.003665
0.0012614
-0.00033113
-0.0028097
-0.0051939
-0.0051405
-0.0044387
-0.0046847
-0.0049358
-0.0056623
-0.0070264
-0.0073239
-0.0064501
-0.0058883
-0.0059967
-0.0054839
-0.0041147
-0.0021076
0.00058123
0.002303
0.0034045
0.0048459
0.0066338
0.007546
0.006576
0.0053301
0.0049435
0.0052691
0.0069912
0.0085837
0.009736
0.011179
0.012215
0.011738
0.0095552
0.0058069
0.0011639
-0.0029201
-0.0058316
-0.0061218
-0.0052331
-0.0048662
-0.001694
0.0027933
0.0038439
0.0039806
0.0050526
0.0043194
0.0029557
0.0028942
0.00279
0.002485
0.0024072
0.0027756
0.0040588
0.0057646
0.0072449
0.0074692
0.007315
0.0079631
0.0067587
0.0054466
0.0067805
0.006781
0.0037418
0.0012836
0.00013769
-0.0026503
-0.0066076
-0.0086539
-0.0096208
-0.0099336
-0.0094339
-0.009926
-0.011201
-0.01121
-0.011662
-0.013155
-0.015252
-0.016471
-0.01566
-0.013972
-0.010866
-0.0083086
-0.0054247
-0.0020602
-0.00076697
0.00025504
0.00093098
0.0013439
0.0013613
0.00011369
0.00014951
0.0010078
0.0019097
0.0026055
0.0012071
-0.0011388
-0.0032799
-0.0040981
-0.0045809
-0.0064815
-0.0079799
-0.0078583
-0.0080482
-0.0094845
-0.010654
-0.010618
-0.009042
-0.0057404
-0.0021942
0.0008103
0.002996
0.004851
0.0064315
0.0067248
0.0064725
0.0079416
0.010297
0.011921
0.012241
0.011456
0.0093014
0.0074876
0.007133
0.0070373
0.0060654
0.004221
0.0033261
0.0033081
0.0026411
0.0024774
0.002307
-0.00054828
-0.0037984
-0.0036183
-0.0022385
-0.003642
-0.0059238
-0.0071522
-0.0093902
-0.010837
-0.010638
-0.010065
-0.0090235
-0.0073142
-0.005344
-0.0038749
-0.0030464
-0.0027116
-0.0031145
-0.0028875
-0.00022326
0.0020027
0.0031161
0.0037403
0.0032628
0.0032616
0.0052502
0.007426
0.0091075
0.011232
0.012367
0.01186
0.010365
0.008713
0.0087388
0.010735
0.011512
0.011751
0.013499
0.014613
0.014738
0.014228
0.013696
0.011724
0.0095331
0.010147
0.011435
0.011102
0.0094656
0.0062997
0.0023835
-0.00048652
-0.0026174
-0.0038341
-0.0043724
-0.0049161
-0.0046855
-0.0031962
-0.0010029
0.00045108
0.0028211
0.0054683
0.0051447
0.0036323
0.0034028
0.0024274
0.001279
0.002648
0.0025971
0.00088859
0.00023473
4.6713e-05
-0.00061808
-0.0027599
-0.0029154
-0.0020826
-0.0036592
-0.0046707
-0.0063604
-0.0081196
-0.0081374
-0.0085707
-0.010344
-0.012596
-0.013283
-0.013883
-0.01507
-0.016449
-0.017636
-0.017625
-0.016863
-0.015118
-0.013131
-0.011959
-0.012612
-0.013938
-0.012844
-0.01043
-0.0089151
-0.0064151
-0.0043181
-0.0040497
-0.0027297
-0.0016962
-0.00098852
-0.00035647
-0.0001143
0.00097937
0.00086343
0.0005384
0.0011232
0.00084355
-3.5582e-05
-0.001176
-0.0031547
-0.0053285
-0.0071782
-0.0087075
-0.0095311
-0.0084948
-0.0069289
-0.0075915
-0.0077507
-0.0065819
-0.006627
-0.0052279
-0.0036137
-0.0032991
-0.0022965
-0.0012429
7.0837e-05
0.0015933
0.0029352
0.0043631
0.006216
0.0073
0.0085868
0.011568
0.014103
0.015656
0.016552
0.017092
0.016149
0.013719
0.013049
0.012646
0.010555
0.0083984
0.0073196
0.0060437
0.0038229
0.0032943
0.0043182
0.005745
0.0099351
0.014653
0.013342
0.006173
0.0070565
0.016081
0.016565
0.0053887
-0.0058793
-0.004779
-0.0023251
-0.0014554
0.0027107
-0.0030971
-0.016216
-0.017718
-0.0023721
0.0060672
-0.0012599
-0.0062091
-0.0045665
0.001037
0.0050824
0.00039762
-0.0062783
-0.0047238
-0.0011427
0.0026122
0.0051241
0.0048034
-0.00051161
-0.0046854
-0.00026637
0.0026929
0.001559
-0.00022611
-0.0044502
-0.004458
-0.0011129
-0.00029619
-0.0033003
-0.010115
-0.014779
-0.0090911
-0.0028963
-0.001357
-0.0036155
-0.0078016
-0.0088267
-0.010777
-0.012162
-0.012401
-0.011977
-0.0085679
-0.0091496
-0.010605
-0.0069358
-0.0048714
-0.0040103
0.0005467
0.0077608
0.010645
0.0071418
0.0061696
0.012037
0.013449
0.0089472
0.0077362
0.0084921
0.0075672
0.009357
0.0087909
-0.0016848
-0.0041327
0.006622
0.010714
0.0095505
0.0065855
0.0027186
0.0042567
0.0034772
-0.0026184
-0.0047685
-0.00049377
0.0028501
0.0018888
0.00033232
-0.0036391
-0.0034476
0.0068848
0.011425
0.0076855
0.0026187
-0.0020802
-0.0013822
-0.0021828
-0.0021943
9.7239e-05
-0.00052026
0.0038877
0.0078655
0.0036533
-0.0014088
-0.0021563
-0.0014966
-0.0024759
-0.0023723
-0.0027862
-0.0050426
-0.006986
-0.0071788
-0.0051025
-0.005238
-0.007378
-0.0043347
-0.003087
-0.0052391
-0.00048674
0.0076855
0.011138
0.0044522
-0.0062009
-0.0036622
0.0072348
0.0081889
0.0029139
0.0034936
0.0028291
-0.003373
-0.0035475
-0.0010888
-0.0039653
-0.0050106
-0.0022533
-0.001873
-0.003116
-0.0039412
-0.0015913
0.00031541
-0.00048527
0.00089534
0.0042352
0.0047789
0.0016742
-0.0013478
-0.00043939
0.0010459
0.0016651
0.0032188
0.0024431
0.0012219
0.002505
0.0030771
0.0034969
0.0050198
0.0042147
0.002368
0.0038947
0.0036373
0.00088492
0.001238
0.0024775
0.0013344
-7.3618e-05
0.0004726
0.0014857
5.8679e-05
-0.0012671
-0.00090326
-0.0020774
-0.0036655
-0.0028143
-2.1224e-06
0.0015986
0.0020098
0.0025111
0.0017326
-0.0010829
-0.0036004
-0.0026022
-0.00082087
-0.00052891
0.00082048
0.00018245
-0.0032046
-0.0053364
-0.0058619
-0.0045466
-0.0031188
-0.0025858
-0.00078364
-0.00090273
-0.0028014
-0.0032861
-0.0035592
-0.0040671
-0.0046282
-0.0054244
-0.0059653
-0.0050136
-0.0035851
-0.0028362
-0.0018473
-0.00058954
0.00046941
-8.9767e-06
-0.0014962
-0.0017301
-0.0013053
-0.0013698
-0.0012033
-0.00081946
-0.00032245
-0.00028722
-0.001277
-0.0019294
-0.002118
-0.0025601
-0.0027215
-0.0026386
-0.0024165
-0.0020881
-0.0011538
0.00068007
0.0016477
0.0015169
0.0018534
0.0022276
0.0022183
0.0024332
0.0029008
0.0027482
0.0022359
0.0019891
0.0019664
0.0014666
0.00092412
0.0010887
0.0010556
0.00086863
0.00044889
-0.00014062
0.00020782
0.0005154
0.00015767
9.6086e-05
-5.9977e-05
-0.00051823
-0.00048058
-7.9531e-05
-4.974e-05
-0.00021056
7.043e-05
0.00024886
-0.00014857
-0.00019069
0.00039365
0.00058736
0.0002027
5.1869e-05
0.00020766
0.00012535
3.4666e-06
0.00022861
0.00041277
0.00025606
3.7406e-05
6.4851e-05
0.00017525
6.2634e-05
3.6026e-05
0.0003699
0.00051648
0.00055138
0.00065219
0.00058105
0.0006354
0.00072796
0.00067597
0.00077606
0.00092828
0.00082346
0.00063322
0.00058324
0.00050724
0.00046004
0.00047377
0.00044888
0.00042362
0.00053307
0.00072656
0.00071179
0.00054012
0.00047222
0.00046751
0.00049329
0.00054979
0.00056713
0.00049189
0.00042115
0.00037916
0.00029964
0.00026638
0.0002506
0.00022299
0.00021676
0.00021822
0.00019187
0.00015794
0.00017139
0.00013389
4.1199e-05
2.8005e-06
2.6583e-07
1.3115e-06
1.5108e-05
-7.6628e-06
-4.1968e-05
-4.7649e-05
-4.8751e-05
-3.6265e-05
-3.3073e-05
-3.5056e-05
-3.5713e-05
-3.6727e-05
-9.211e-06
5.4537e-06
-1.213e-05
-2.9733e-05
-3.8741e-05
-3.6955e-05
-3.0832e-05
-3.1277e-05
-3.9227e-05
-4.6534e-05
-4.8768e-05
-5.2958e-05
-5.5364e-05
-5.2936e-05
-5.0838e-05
-4.8854e-05
-4.6404e-05
-4.6035e-05
-4.6059e-05
-4.4099e-05
-4.2469e-05
-4.3112e-05
-4.3619e-05
-4.2531e-05
-4.1797e-05
-4.1869e-05
-4.1564e-05
-4.0986e-05
-4.0654e-05
-4.0187e-05
-3.9544e-05
-3.914e-05
-3.8697e-05
-3.8069e-05
-3.7508e-05
-3.6913e-05
-3.6248e-05
-3.5523e-05
-3.4685e-05
-3.3761e-05
-3.2772e-05
-3.1714e-05
0
0
0
0
0
0
0
0
0
0
0
0
0
0
0
0
0
0
0
0
0
0
0
0
0
0
0
0
0
0
0
0
0
0
0
0
0
0
0
0
0
0
0
0
0
0
0
0
0
0
0
0
0
0
0
0
0
0
0
0
0
0
0
0
0
0
0
0
0
0
0
0
0
0
0
0
0
0
0
0
0
0
0
0
0
0
0
0
0
0
0
0
0
0
0
0
0
0
0
0
0
0
0
0
0
0
0
0
0
0
0
0
0
0
0
0
0
0
0
0
0
0
0
0
0
0
0
0
0
0
0
0
0
0
0
0
0
0
0
0
0
0
0
0
0
0
0
0
0
0
0
0
0
0
0
0
0
0
0
0
0
0
0
0
0
0
0
0
0
0
0
0
0
0
0
0
0
0
0
0
0
0
0
0
0
0
0
0
0
0
0
0
0
0
0
0
0
0
0
0
0
0
0
0
0
0
0
0
0
0
0
0
0
0
0
0
0
0
0
0
0
0
0
0
0
0
0
0
0
0
0
0
0
0
0
0
0
0
0
0
0
0
0
0
0
0
0
0
0
0
0
0
0
0
0
0
0
0
0
0
0
0
0
0
0
0
0
0
0
0
0
0
0
0
0
0
0
0
0
0
0
0
0
0
0
0
0
0
0
0
0
0
0
0
0
0
0
0
0
0
0
0
0
0
0
0
0
0
0
0
0
0
0
0
0
0
0
0
0
0
0
0
0
0
0
0
0
0
0
0
0
0
0
0
0
0
0
0
0
0
0
0
0
0
0
0
0
0
0
0
0
0
0
0
0
0
0
0
0
0
0
0
0
0
0
0
0
0
0
0
0
0
0
0
0
0
0
0
0
0
0
0
0
0
0
0
0
0
0
0
0
0
0
0
0
0
0
0
0
0
0
0
0
0
0
0
0
0
0
0
0
0
0
0
0
0
0
0
0
0
0
0
0
0
0
0
0
0
0
0
0
0
0
0
0
0
0
0
0
0
0
0
0
0
0
0
0
0
0
0
0
0
0
0
0
0
0
0
0
0
0
0
0
0
0
0
0
0
0
0
0
0
0
0
0
0
0
0
0
0
0
0
0
0
0
0
0
0
0
0
0
0
0
0
0
0
0
0
0
0
