-1.6877e-11
-1.4447e-06
-3.9224e-05
-0.00010562
-9.4845e-05
-8.6756e-05
-9.3443e-05
-8.6352e-05
-8.6979e-05
-8.5264e-05
-8.2608e-05
-8.151e-05
-7.9913e-05
-7.8639e-05
-7.6533e-05
-7.4178e-05
-7.0395e-05
-6.856e-05
-6.9311e-05
-6.5444e-05
-6.2396e-05
-5.953e-05
-5.5529e-05
-5.1728e-05
-4.7943e-05
-4.7266e-05
-4.7254e-05
-4.3303e-05
-4.6407e-05
-4.5047e-05
-3.9003e-05
-2.9864e-05
-3.6087e-05
-3.1449e-05
-2.8083e-05
-3.4614e-05
-2.4046e-05
-5.9033e-06
-1.3358e-05
-9.2405e-06
-1.4189e-06
-1.5823e-05
-1.1317e-05
-9.5578e-06
3.0199e-06
5.7365e-06
-5.9676e-06
9.0956e-06
2.2399e-05
1.2057e-05
4.0686e-05
2.7614e-05
1.335e-05
6.423e-06
1.121e-05
1.171e-05
3.491e-05
3.1239e-05
2.0407e-05
4.2108e-05
3.6396e-05
4.367e-05
5.7777e-05
6.1896e-05
3.7822e-05
3.7457e-05
7.7038e-05
5.1344e-05
1.5249e-05
5.4384e-05
5.4595e-05
4.4495e-05
9.6968e-05
6.7886e-05
5.5592e-05
0.00011163
0.00011543
8.5523e-05
2.5726e-05
3.9642e-05
5.9739e-05
9.7903e-05
9.4645e-05
7.9446e-05
9.6421e-05
7.2699e-05
7.3702e-05
7.297e-05
4.1817e-05
9.3444e-05
0.0001136
3.6804e-05
8.302e-05
5.5779e-05
4.5039e-05
3.9675e-05
5.8291e-05
9.5716e-05
9.2386e-05
0.00013449
0.0001231
9.6189e-05
6.7391e-05
-3.2852e-05
-1.0468e-05
6.0821e-05
5.9008e-05
8.656e-05
0.00011871
6.7722e-05
4.7248e-05
-7.8852e-07
1.9758e-05
0.00012333
7.5457e-05
4.4934e-05
0.00010857
5.6517e-05
7.4481e-05
0.00010932
3.7174e-05
4.8077e-05
7.895e-06
4.2478e-05
9.1718e-05
9.9619e-05
3.4617e-05
3.4818e-05
6.1139e-05
4.9049e-05
2.7313e-05
4.4505e-05
7.6143e-05
0.00010275
4.7901e-05
5.545e-05
3.5333e-05
-3.099e-05
7.7418e-05
4.5983e-05
-7.1905e-06
6.6582e-05
7.3028e-05
1.1219e-05
-1.6131e-05
6.6124e-05
5.8804e-05
4.8864e-05
6.8428e-05
9.6884e-05
7.248e-05
-1.8744e-05
8.2164e-06
2.6782e-05
1.8064e-06
1.135e-05
2.1049e-05
-1.2324e-05
-1.0495e-05
7.8326e-05
0.00011903
6.2605e-05
-7.46e-06
-3.079e-05
7.0324e-05
6.3982e-05
3.3529e-05
4.3394e-05
6.7962e-05
2.263e-05
1.1164e-05
6.8268e-05
6.569e-05
1.1605e-05
7.1358e-05
8.0522e-05
1.2973e-05
5.5402e-05
2.5392e-05
-1.8795e-05
4.6181e-06
2.8356e-05
1.0618e-05
2.401e-05
-2.174e-05
2.0266e-05
6.7606e-05
3.8933e-05
5.3294e-05
2.1391e-05
3.3213e-05
2.5504e-05
2.2013e-05
-5.6436e-05
-4.4881e-05
4.2888e-06
-2.6289e-05
4.0852e-05
3.2993e-05
8.902e-05
4.4464e-05
2.2303e-05
2.7038e-05
-6.3055e-05
-4.5273e-06
4.836e-05
4.0008e-06
1.689e-05
3.1124e-05
-2.975e-05
-5.2879e-05
-6.3775e-06
-2.5237e-05
-2.9417e-05
5.0893e-06
4.5693e-06
4.2555e-05
3.957e-05
2.9607e-07
2.5834e-05
3.1883e-05
-3.0809e-05
-2.9813e-05
4.3546e-05
9.0624e-05
4.5225e-05
2.7604e-05
7.8805e-05
-2.4922e-05
-4.541e-05
6.9421e-06
-2.5e-05
5.9205e-05
3.2823e-05
-5.8629e-05
6.0092e-07
-2.0056e-05
1.7639e-05
1.312e-05
-8.0504e-05
-1.4925e-05
1.9873e-05
-2.5731e-05
-1.3003e-05
-1.1559e-05
7.3656e-06
-1.9295e-05
-2.118e-05
5.0666e-05
8.0405e-05
2.7567e-05
4.1612e-06
8.1731e-07
-3.6812e-05
3.9371e-05
4.835e-05
-4.7726e-05
1.7542e-05
6.4607e-05
3.4074e-05
8.1357e-06
-5.5201e-05
6.4503e-06
6.5405e-05
-2.4761e-05
4.0179e-06
-2.265e-05
-4.2789e-05
1.1394e-05
4.0135e-05
-3.3316e-05
-4.6791e-05
-6.5787e-05
-2.7457e-05
8.3171e-05
8.123e-05
2.7353e-05
-1.7439e-05
-1.4447e-05
7.761e-06
4.284e-05
-1.1313e-05
3.8087e-05
3.9361e-06
-3.3129e-05
4.8261e-05
-2.6922e-05
-7.1727e-06
4.9131e-05
-7.1281e-05
-3.1578e-05
7.1201e-05
-6.2766e-05
-3.8705e-05
8.5396e-06
9.4899e-06
7.9359e-06
-7.1899e-06
-1.0613e-05
5.4682e-05
5.5475e-05
1.3973e-06
-7.7826e-06
-2.8433e-05
1.3568e-05
-1.5617e-05
-5.2715e-05
-3.4933e-05
-3.5064e-05
2.7254e-06
-2.4786e-06
-9.3642e-06
7.8857e-05
2.9563e-05
-4.0242e-05
7.9752e-06
3.5687e-05
-9.0994e-06
1.1168e-05
-3.5786e-06
-6.665e-05
-2.1184e-05
3.7818e-05
2.7341e-05
4.675e-05
4.7747e-05
2.0496e-05
-1.3491e-05
-6.7755e-05
5.8727e-06
5.6593e-05
9.0012e-06
3.3298e-05
-1.6079e-05
-1.1086e-05
-5.5557e-05
-5.1364e-06
7.7421e-05
-9.4142e-06
-5.4395e-06
-2.2121e-05
-2.393e-05
2.9784e-06
7.0976e-06
1.8882e-05
1.7201e-05
3.8498e-05
2.5133e-05
-2.7231e-05
-1.4852e-05
4.8109e-05
5.3158e-05
7.775e-06
-3.0745e-05
-7.1597e-05
-1.795e-05
-6.0775e-06
-3.1166e-05
-3.6104e-05
-1.5404e-05
1.5958e-05
1.8549e-05
-1.8987e-05
2.7009e-05
7.3926e-08
2.1619e-05
-8.7232e-06
-3.1294e-06
3.0067e-05
1.8744e-06
3.8305e-05
-1.7581e-05
-5.2094e-05
-9.7836e-06
7.1652e-05
4.8987e-05
-1.4237e-06
4.6928e-05
4.4831e-06
2.7303e-05
6.7987e-05
-2.8141e-05
2.5383e-05
6.0671e-05
-4.1691e-06
-2.9079e-05
1.0007e-05
1.1221e-05
1.2141e-05
8.5527e-05
1.0045e-05
3.7383e-06
6.8591e-05
-2.8623e-05
-4.3081e-05
1.0658e-06
-2.6224e-05
1.9914e-05
2.2082e-05
3.6862e-05
6.0983e-05
4.0724e-05
-2.3533e-05
-9.3805e-05
-2.1994e-05
-1.1227e-05
-5.778e-05
-2.4748e-05
-2.0868e-05
3.0802e-05
3.1896e-05
-3.2809e-05
-5.5241e-06
1.3646e-05
-4.659e-06
-1.7357e-05
1.6094e-05
2.993e-05
3.7683e-05
-5.918e-06
-1.8658e-05
1.851e-05
6.1213e-05
2.2985e-05
3.7379e-05
4.9679e-05
2.4924e-05
3.2993e-05
-1.0735e-05
-1.0901e-05
-1.5168e-05
4.5934e-06
5.1511e-05
-8.2578e-06
2.4773e-05
-4.2512e-06
-1.6949e-06
1.5015e-05
-2.4192e-05
4.0192e-05
7.0243e-05
-2.194e-06
-2.6751e-06
-1.4986e-05
-8.608e-06
1.0309e-05
2.5395e-06
2.6931e-06
4.0622e-05
8.5348e-05
4.9577e-05
3.8839e-05
-2.0299e-05
-2.0728e-05
-8.4389e-05
-4.7968e-05
6.994e-06
-2.7598e-06
-2.5268e-05
-5.5323e-05
-3.7091e-05
-3.8297e-05
-1.832e-05
-1.7375e-05
-3.3319e-05
-1.4789e-06
-1.2941e-05
2.0996e-05
2.8426e-05
-1.8916e-05
1.8424e-05
3.9865e-06
-3.2181e-05
-3.6828e-05
4.2605e-05
8.6283e-05
1.2175e-05
2.5677e-06
2.5835e-05
1.9405e-05
-1.8388e-05
4.2264e-05
-3.5867e-05
-7.9325e-05
1.2917e-05
4.6447e-05
8.1302e-05
-2.2305e-05
-3.1207e-05
0.00010103
4.2314e-05
-4.2776e-05
0.00012723
0.00026127
0.00029426
1.2223e-05
-0.00055607
-0.00011649
0.00045499
0.00020879
-4.7111e-06
-0.00011244
0.00048117
0.00067678
-0.0001636
4.1584e-05
-1.5329e-06
-0.0011546
-0.00075799
0.0010998
0.0022211
0.00090255
0.00075625
0.0018091
-0.0024776
-0.0036053
-0.0010216
1.9182e-05
-0.001146
-2.1436e-05
0.001938
0.0021681
-0.0015511
-0.0009029
-0.0001857
-0.0057504
-0.0057605
-0.00035039
0.004068
0.0020412
0.00076328
0.0012816
-0.0018469
-0.0003737
0.003645
9.6568e-05
-0.002677
-0.0012699
-0.0081275
-0.0043026
2.475e-05
-0.0024273
0.0012894
-0.0071619
-0.0016406
0.0051721
-0.00039305
0.002943
-0.0043716
-0.0062263
0.0036489
0.0025632
0.0075398
0.0098637
-0.00093837
-0.0049926
-0.004599
-0.00061446
-0.0025593
-0.0076439
0.002633
-0.0050707
-0.010986
0.0044476
-0.00045067
-0.0057236
0.011169
0.010758
0.005787
0.0040326
-0.0062758
-0.0055906
0.0030609
-0.0037726
0.0026094
0.004038
-0.001493
0.0015177
0.013407
-0.00041805
-0.023983
-0.017109
0.005559
0.022917
0.020221
0.0040444
-0.011562
-0.0066894
0.013109
0.0088516
-0.0020104
0.0010926
0.0020048
0.0092147
0.015079
0.0010238
-0.0082016
-0.0036186
-0.012605
-0.011847
-0.0014234
0.003543
0.00050881
0.0013087
0.0059458
0.0050289
-0.0090762
-0.013515
0.002709
0.0052078
0.005811
0.00959
0.019614
0.011337
0.0052763
0.0031639
-0.0055089
0.0072011
0.018337
0.034106
0.028986
0.00064735
-0.0077518
0.0054771
0.028121
0.046922
0.058012
0.029357
-0.014207
-0.01668
-0.021428
0.019481
0.085644
0.075322
0.012072
-0.072768
-0.12285
-0.12218
-0.036308
-0.08018
-0.14641
-0.066084
-0.056393
-0.064308
-0.017741
-0.0015068
0.060336
0.10837
0.05572
-0.06909
-0.093397
-0.095987
-0.072889
-0.053041
-0.093934
-0.10296
-0.052941
0.072895
0.16857
0.1562
0.10005
0.039373
0.011552
0.019922
0.0018303
-0.028426
0.049373
0.1306
0.080143
-0.00064647
-0.043919
-0.030912
-0.05452
-0.13262
-0.13468
-0.043916
0.097408
0.12988
0.11782
0.073295
0.01311
0.010864
0.04224
0.056456
0.059615
0.045564
0.06664
0.057894
0.0049316
-0.038333
-0.036567
-0.0044153
0.011048
-0.0015134
-0.013911
-0.0060233
0.058293
0.089694
0.086967
0.1506
0.20625
0.22725
0.24224
0.16697
0.12012
0.15167
0.14712
0.068413
-0.21803
-0.50017
-0.54454
-0.61339
-0.51285
-0.20854
-0.0038596
0.089152
0.14425
0.069734
-0.049132
0.02175
0.1447
0.21342
0.21519
0.10307
0.095917
0.19466
0.25986
0.31982
0.23014
-0.025822
-0.046371
-0.022809
-0.10004
-0.01549
0.07251
0.037926
-0.033926
-0.00284
0.098318
0.13668
0.16026
0.19631
0.21433
0.088254
-0.13148
-0.14333
0.049057
0.12493
0.094828
0.045745
-0.033222
-0.07383
-0.099838
-0.1449
-0.18286
-0.12987
-0.049738
-0.080719
-0.11209
-0.064798
-0.10531
-0.23131
-0.34704
-0.40796
-0.34967
-0.2715
-0.1582
-0.085932
-0.27328
-0.42655
-0.39912
-0.36592
-0.33189
-0.15583
0.085613
0.34707
0.49552
0.409
0.28387
0.26428
0.28586
0.25426
0.17854
0.13328
0.16324
0.14121
0.056685
-0.058845
-0.13926
-0.10085
-0.047209
-0.10115
-0.081992
-0.023665
-0.10379
-0.15072
-0.17489
-0.2411
-0.24266
-0.14349
0.12627
0.17026
0.13897
0.23286
0.26299
0.26586
0.24969
0.16111
-0.076272
-0.2781
-0.1997
-0.030564
0.052814
0.055533
-0.036141
-0.11168
-0.10923
-0.12006
-0.16589
-0.16944
-0.098513
-0.072464
-0.066056
-0.063387
-0.092183
-0.14614
-0.21928
-0.22455
-0.15098
-0.14302
-0.15968
-0.12817
-0.081424
0.025952
0.13676
0.18555
0.21045
0.12747
0.047376
0.11641
0.13224
0.04847
-0.047716
-0.023072
0.06825
0.081774
0.057279
0.002745
0.040482
0.16678
0.21985
0.23353
0.14954
0.0089846
-0.014859
0.0064239
-0.0085565
-0.019247
0.022517
0.11771
0.10313
-0.072643
-0.19333
-0.089638
0.022574
-0.056488
-0.13638
-0.2062
-0.23299
-0.12688
0.0027591
-0.015233
-0.11531
-0.11742
-0.080534
-0.13348
-0.17025
-0.085543
-0.0017779
-0.03567
0.0035095
0.086852
0.075531
0.0070726
-0.016496
0.029452
0.051425
0.028154
0.083579
0.13773
0.093508
0.037579
0.020879
-0.0010575
-0.0021912
-0.021168
-0.026781
-0.0056658
-0.032523
0.018768
0.071749
0.048503
0.10407
0.15943
0.15447
0.057424
-0.077979
-0.022546
0.084093
0.10445
0.091789
0.048377
0.039055
0.031704
0.033934
0.057441
0.10936
0.11879
0.097248
0.040912
0.050823
0.10902
0.1007
0.11141
0.078229
-0.033273
-0.037385
-0.012058
-0.00013085
0.059154
0.052632
0.033108
-0.017638
-0.023342
-0.0080766
-0.063607
-0.070473
-0.060119
0.013323
0.054902
0.10039
0.13564
0.038168
-0.00483
0.0078195
0.017775
0.067483
0.088438
0.1281
0.1721
0.16923
0.035615
-0.13425
-0.054713
-0.010791
-0.10417
-0.12427
-0.14724
-0.19211
-0.18946
-0.15458
-0.12619
-0.097661
-0.062628
-0.024394
-0.039561
-0.049307
-0.012432
0.0090063
-0.032765
-0.014308
0.098994
0.1207
0.081167
0.095339
0.1158
0.14985
0.18383
0.12897
0.075769
0.10926
0.13079
0.13655
0.12456
0.067712
0.014571
-0.015641
-0.010311
0.025436
0.028976
0.017436
0.026233
-0.0089542
-0.059425
-0.075836
-0.083037
-0.084652
-0.061438
-0.076655
-0.14058
-0.158
-0.141
-0.11452
-0.12984
-0.18804
-0.21414
-0.1727
-0.099405
-0.031992
0.015348
0.0096957
-0.0026912
-0.020134
-0.048425
-0.037465
0.0020618
0.042904
0.051303
0.043954
0.064212
0.093852
0.13138
0.17007
0.092499
-0.029377
0.0067023
0.04183
0.020916
0.024926
-0.023188
-0.067104
-0.080254
-0.11612
-0.091588
0.03388
0.060275
-0.034934
-0.062844
-0.05992
-0.047811
-0.047442
-0.049444
-0.021903
-0.018116
-0.02745
-0.019734
0.010326
0.041501
0.06743
0.087813
0.081529
0.029531
-0.020302
0.014894
0.089751
0.1077
0.11113
0.10139
0.071924
0.10001
0.10098
0.054153
0.022915
-0.017552
-0.0095621
-0.011021
-0.10358
-0.13272
-0.063964
-0.008622
0.0047176
0.044397
0.082835
0.07454
-0.0030387
-0.038297
-0.0064594
0.012936
0.022851
0.014961
0.0017356
0.034176
0.039999
0.001646
-0.043424
-0.066391
-0.033466
0.034835
0.067182
0.036161
0.0055263
0.013999
0.033864
0.051576
0.071271
0.079076
0.026972
-0.060085
-0.081537
-0.084777
-0.13478
-0.14674
-0.12028
-0.086566
-0.056858
-0.052645
-0.025282
0.0069677
-0.0048245
0.017201
0.058496
0.061603
0.064136
0.07905
0.090914
0.086739
0.088248
0.09581
0.086114
-0.0093819
-0.15263
-0.13732
-0.077648
-0.10124
-0.090812
-0.066893
-0.0778
-0.090787
-0.036898
0.061478
0.11174
0.12979
0.077734
0.028295
0.08312
0.10068
0.11047
0.15663
0.15221
0.093051
-0.048688
-0.12916
-0.092566
-0.13301
-0.18939
-0.13329
0.007091
0.064951
0.087532
0.096423
0.028113
-0.048463
-0.10417
-0.12536
-0.044942
0.014724
-0.009008
0.018279
0.053021
0.060977
0.10723
0.15783
0.14071
0.038021
-0.027882
0.010292
0.036421
0.024829
-0.043892
-0.10697
-0.07473
0.00029061
0.04016
0.037552
-0.031369
-0.047556
0.029405
0.032853
-0.042342
-0.06292
-0.032031
-0.015027
0.020765
0.066045
0.10279
0.14503
0.16308
0.13099
0.012791
-0.14488
-0.17968
-0.11991
-0.076064
-0.042926
-0.013496
0.016363
0.047632
0.038626
-0.017569
-0.071527
-0.11066
-0.13075
-0.11565
-0.085658
-0.10222
-0.14027
-0.14926
-0.15309
-0.13935
-0.066397
-0.046354
-0.073378
-0.030397
0.048235
0.093938
0.076942
0.032876
0.014629
0.016028
0.02763
0.075166
0.12923
0.1685
0.18536
0.11507
-0.035454
-0.059519
-0.0060599
-0.02307
-0.037462
-0.032237
0.0033348
0.052613
0.072531
0.052404
0.011666
0.020252
0.058995
0.0055894
-0.11792
-0.19399
-0.20977
-0.21041
-0.19921
-0.12901
-0.010628
0.04393
0.045031
0.035022
0.016475
0.020744
0.063236
0.10518
0.097513
0.045791
-0.012593
-0.071554
-0.088046
-0.035889
0.017352
0.07818
0.13182
0.14079
0.10107
0.055776
0.037761
0.026651
0.016643
-0.011892
-0.061464
-0.093582
-0.087909
-0.048204
-0.0037272
0.03474
0.065284
0.081624
0.059315
-0.011532
-0.042406
-0.059849
-0.09456
-0.0568
0.0031332
0.0066431
0.0072065
0.056297
0.094659
0.087666
0.065414
0.040065
0.03929
0.040407
0.0070495
-0.016929
-0.0053249
0.014909
0.040035
0.080952
0.10758
0.091524
0.012086
-0.057961
-0.020151
0.03002
0.017424
0.022384
0.0081618
-0.040814
-0.04092
-0.006394
0.034557
0.06833
0.076441
0.047585
-0.00083245
-0.01532
-0.0087506
-0.014787
-0.02359
-0.043718
-0.04738
-0.017193
-0.0086702
-0.0035437
-0.0035026
-0.011386
-0.018633
-0.030107
-0.01856
0.0045908
0.011929
-0.0039394
-0.034087
-0.046028
-0.036984
-0.0055337
0.017161
0.011249
0.027746
0.027121
-0.012135
-0.0063547
0.021815
0.017329
-0.0016614
-0.0017028
0.0051817
0.0058063
0.0087141
0.030455
0.04573
0.0010177
-0.046474
-0.045767
-0.037874
-0.021554
-0.011386
-0.020067
-0.024849
-0.038394
-0.038559
-0.035984
-0.052394
-0.055134
-0.057515
-0.072797
-0.057005
-0.021553
-0.0050893
0.0064944
0.026756
0.025984
0.0098859
0.012408
0.025543
0.043952
0.024901
-0.010309
0.011286
0.022026
0.016535
0.018847
-0.00084705
-0.0083259
0.012885
0.024932
0.037192
0.022391
-0.025601
-0.013877
-0.0011208
-0.014349
-0.0082643
-0.0065518
-0.019632
-0.034905
-0.041586
-0.048785
-0.061316
-0.077217
-0.062587
-0.018758
0.015899
0.040132
0.037635
0.036011
0.048236
0.040545
0.010999
-0.045478
-0.06393
-0.035419
-0.031354
-0.021412
0.017368
0.040285
0.036015
0.035608
0.033476
0.014352
0.0054809
0.019208
0.016125
0.0044771
0.0059202
-0.00037197
-0.0069961
-0.0073755
-0.021003
-0.054973
-0.072563
-0.067064
-0.060407
-0.054223
-0.043042
-0.032203
-0.039937
-0.044881
-0.040297
-0.04223
-0.038523
-0.025243
-0.023411
-0.030013
-0.019363
0.010169
0.020818
0.0046082
0.00011836
0.018791
0.023756
0.019647
0.0214
0.02622
0.030995
0.03359
0.033777
0.01235
-0.023896
-0.032541
-0.017114
-0.0021898
-0.0022694
-0.018835
-0.0037088
0.036306
0.053991
0.046748
0.028228
0.015025
-0.0011295
-0.010071
-0.0073403
-0.0047405
0.0003938
0.0064576
0.019679
0.021308
0.027036
0.037457
0.02696
0.010709
-0.0014186
-0.0056598
0.0018029
0.010343
0.011105
0.0085433
0.0044467
0.0004806
-0.0042767
-0.0051122
-0.0070549
-0.015146
-0.0074063
-0.011594
-0.013923
0.00080442
-0.00045443
0.0010089
0.0059048
0.013429
0.018302
0.010447
0.014809
0.026105
0.026888
0.029709
0.03893
0.035814
0.021162
0.018288
0.017131
0.010042
0.0059663
0.0098475
0.020863
0.02407
0.024861
0.032059
0.02164
-0.001603
-0.0087882
0.00071203
0.005383
-0.0029534
-0.0081202
0.0013261
0.011642
0.012874
0.0018985
-0.0017149
-0.00084882
-0.01023
-0.020528
-0.02349
-0.016564
-0.0051681
0.0048633
0.009179
0.014447
0.01561
0.0055061
-0.0072458
-0.013919
-0.010695
-0.0025105
-0.0038872
-0.010803
-0.017577
-0.020255
-0.0057763
0.0070669
0.0091844
0.0026371
0.004841
0.012999
0.010112
0.0026598
-0.0037276
-0.005005
-0.0070554
-0.0033311
-0.0032548
-0.0089767
-0.012219
-0.018723
-0.019441
-0.018477
-0.017691
-0.017483
-0.017548
-0.016723
-0.019133
-0.018685
-0.0074212
0.0079273
0.010069
0.013052
0.019506
0.017453
0.0076611
-0.0058574
-0.010567
-0.001346
-0.0017739
-0.0058377
0.00079913
0.0059828
0.0035134
0.0020412
0.00022293
-0.0042177
-0.0031071
-0.0018088
-0.0021206
-0.0026956
-0.007793
-0.0071964
-0.002047
0.0040126
-0.0033858
-0.0048007
0.0054126
0.0048638
0.0055451
0.0045276
-0.0045669
-0.0051937
0.005127
0.0065097
0.0025602
-6.8366e-05
-0.0011662
0.00049512
0.0063134
0.012688
0.0015679
-0.0085189
-0.0085559
-0.010161
-0.013107
-0.018871
-0.019708
-0.0096199
0.0021452
0.0076578
-0.0034333
-0.017417
-0.024403
-0.017773
-0.0091704
-0.014764
-0.017016
-0.0043317
0.0018988
-0.0059938
-0.013091
-0.0058608
0.0026485
0.0029775
0.0071321
0.01669
0.015604
0.0079684
0.0073976
0.0016128
-0.0038691
-0.0055132
-0.0038465
0.0015041
0.010928
0.010632
0.0025647
0.0052431
0.018859
0.022936
0.011233
0.0042305
0.0059415
0.0058212
0.012108
0.014408
0.0080297
0.0018293
0.00055216
0.0057112
0.0082399
0.0058662
0.004775
-0.0018294
-0.0051642
0.0014766
0.00083137
0.0019023
0.0095297
0.016701
0.020285
0.019209
0.013855
0.0055649
-0.0019399
-0.0088083
-0.0092308
-0.0054672
-0.0013716
-0.0034612
-0.0059372
-0.00081139
-0.0015745
-0.0048168
-0.011257
-0.016526
-0.010174
-0.0063416
-0.006442
-0.001159
0.0018301
0.0069427
0.0069757
0.0072025
0.012126
0.01708
0.016779
0.010126
0.0051674
0.012254
0.0070467
-0.0080587
-0.0022751
0.00035301
-0.0026894
-0.00075176
-0.00062797
0.0021784
0.012314
0.0246
0.020778
0.00087791
-0.012046
-0.014645
0.0026832
0.019831
0.013397
0.0088462
0.013736
0.014021
0.012251
0.016091
0.014731
0.0035354
-0.0010897
0.0021197
-0.0029403
-0.010457
-0.01648
-0.015167
-0.0076298
-0.0037267
0.0034214
0.0050883
-0.0043206
-0.0047265
-0.0059479
-0.011169
-0.016651
-0.02546
-0.026315
-0.013927
-0.0057072
-0.0050675
-0.011042
-0.019444
-0.015948
-0.013084
-0.014311
-0.010635
-0.0066313
0.00044536
0.0061325
0.0096776
0.0090886
0.0073838
0.012777
0.0076296
-0.0034963
-0.014029
-0.018934
-0.010362
-0.01233
-0.015553
-0.013902
-0.013591
-0.0093432
-0.0044837
-0.0010023
0.01166
0.034764
0.031535
-0.03194
-0.037539
-0.0019507
0.0010175
-0.021924
-0.017382
0.0011722
0.00077735
-0.016798
-0.016724
0.00058788
0.0045392
-0.018697
-0.011582
0.012298
0.010296
0.0013077
0.00095694
0.0087037
0.015278
0.012391
0.0096582
0.017509
0.016664
0.0097226
0.016607
0.026085
0.014745
0.0035324
0.00030341
0.0068711
0.018308
0.012275
-0.00097554
-0.0042176
0.0073822
0.012572
0.0030262
-0.0015868
0.0040018
0.01315
0.017461
0.011897
-0.0022328
-0.0069984
0.0034456
0.0078805
0.0060117
0.007587
0.0086838
-0.00032839
-0.0033536
0.0099293
0.019242
0.017217
0.013352
0.010104
0.010044
0.0091216
0.0037261
-0.0003256
-0.0032838
-0.0079279
-0.0098609
-0.0042475
-0.0031556
-0.002672
0.0014444
0.0031569
-0.00057336
-0.0096937
-0.010194
-0.0048589
-0.0042525
-0.0051793
0.00011753
0.0073232
0.0064465
-0.00016331
-0.001433
-0.0054214
-0.0052675
0.00067318
-0.010816
-0.010364
-0.0067139
-0.0088128
-0.003864
0.0045473
0.0037818
-0.0073676
-0.0090249
-0.010435
-0.018215
-0.019493
-0.010551
-0.0073713
-0.0087354
-0.0080179
-0.0054967
0.0011918
0.0047764
0.0050797
0.0063075
0.011285
0.0070742
-0.0014448
-0.0032568
7.3434e-05
0.0022205
-0.0012779
-0.0014668
0.00083299
-0.0070411
-0.0049233
1.165e-05
-0.0034681
0.0018784
0.015101
0.016517
0.0082889
0.0087962
0.005961
0.0088997
0.010906
0.005905
0.005934
0.0082732
0.012833
0.01215
0.0043107
0.010567
0.017799
0.015188
0.011723
0.0055386
0.0087362
0.010768
-0.0026356
-0.010274
-0.0068172
0.0012003
0.0038969
0.0047008
0.0018481
0.004327
0.0034
0.00064938
-0.011483
-0.016379
-0.0099989
-0.0092162
-0.0063419
-0.0010069
0.001644
0.0032755
0.00099385
-0.0050341
-0.0058135
-0.0049091
-0.0059573
-0.0088619
-0.012277
-0.011004
-0.0086509
-0.0073932
-0.0057458
-0.0016566
-0.0018018
-0.0066721
-0.0055229
0.0051353
0.0090455
0.0036415
0.00047126
0.00028671
-0.00051768
-0.0019928
-0.0022823
-0.00033459
0.002502
0.0043072
0.0036322
0.0053939
0.0070586
0.0040597
0.001661
0.0019135
0.0026553
-0.0024755
-0.0047274
-0.0061884
-0.0090107
-0.0076185
-0.0058231
-0.0071263
-0.011472
-0.010111
-0.0038102
-0.002646
0.0046227
0.0089605
0.001969
0.00049965
-0.0042085
-0.0099295
-0.0035405
0.00040678
-0.0042513
-0.0044494
0.0027128
0.0048945
0.0058689
0.010925
0.0092583
0.0048411
0.0052663
0.0061022
0.0071427
0.0078964
0.0069454
0.0019694
-0.0039861
-0.0027786
0.0020444
0.0040305
0.0020745
-0.0016614
-0.0028565
-9.5197e-05
-0.00069871
-0.0048159
-0.0052199
-0.0038971
-0.002718
-0.00278
-0.0011356
-0.00093978
-0.00050184
0.0028566
0.0071106
0.010016
0.010942
0.011502
0.011899
0.011059
0.010701
0.010886
0.0085977
0.0056848
0.0047866
0.0058401
0.0023654
-0.0039132
-0.0041882
0.0015945
0.002951
-0.0033476
-0.0086975
-0.0095481
-0.0050131
-0.0053484
-0.0075625
-0.0090343
-0.010428
-0.010551
-0.0067549
0.0035055
0.0057488
-0.0047925
-0.0064452
0.0027299
0.0065773
0.0031303
-0.0023189
-0.00067609
0.00074143
-0.0037535
0.0019397
0.0087938
0.007139
0.0042614
0.0057539
0.008575
0.0053354
0.001744
0.0015256
0.0054212
0.0063095
0.0014907
-0.00087412
-0.0010271
-0.0040772
-0.0033125
0.00018471
0.00059453
-0.0038776
-0.0038448
-0.0049043
-0.0062218
-0.0029826
-0.0044294
-0.0086106
-0.011414
-0.0082053
-0.0044802
-0.0065501
-0.0098403
-0.010202
-0.0063831
-0.005002
-0.0045963
-0.0020668
-0.0035638
-0.0069359
-0.0061025
-0.0012757
-0.0015946
-0.0044613
-0.0004083
0.003657
0.0049706
0.0062099
0.0059043
0.0041638
0.0041738
0.0046771
0.0035318
0.00023153
-0.00087476
0.0022229
0.0029787
0.001076
6.9939e-05
-0.0013046
-0.00236
-0.0023953
-0.0012952
-0.0010848
-0.002408
-0.0047086
-0.0054911
-0.0033073
-0.00095614
-0.0026256
-0.0040055
-0.0018475
-0.0020085
-0.00076573
0.0014821
0.0025265
0.0025945
0.00071101
-0.00075207
-0.0004605
-0.0024898
-0.0039767
-0.0019055
0.00016999
0.00014544
-0.001126
-0.00063371
0.00055627
4.7155e-05
-0.00026902
0.0020299
0.0016952
-0.0012582
-0.0017025
-0.0012302
-0.0029966
-0.0036232
-0.0016606
-0.0015262
-0.0026729
-0.0033158
-0.0023205
-0.0011766
-0.0012987
-0.0021677
-0.0024083
-0.001626
-0.0011478
0.00028905
0.0011539
0.0014269
0.0018241
0.0016629
0.0020347
0.002309
0.0021744
0.0013784
0.00012008
-0.00017945
-0.00023188
-0.00026541
-0.00017861
-0.00044395
-0.00063795
-0.00027532
-0.00014794
-0.00019147
-0.00035038
-0.00068035
-0.00064983
-0.00052491
-0.00077297
-0.00072344
-0.00082072
-0.0011063
-0.001069
-0.0010849
-0.00098222
-0.00096546
-0.00087232
-0.00086199
-0.00093319
-0.00074329
-0.00097254
-0.0011516
-0.0010771
-0.00079191
-0.00038033
-0.00023989
-3.637e-05
0.00011488
0.00022416
0.0002013
0.0001975
0.00028684
0.00036851
0.00038291
0.00040443
0.00047651
0.00042228
0.00039414
0.00049991
0.00053795
0.00058071
0.00059323
0.00058528
0.00062689
0.00064516
0.0006431
0.00065746
0.00067952
0.00070158
0.00071521
0.00073096
0.0007587
0.00078256
0.00080101
0.00082898
0.00085499
0.00087226
0.00089421
0.00091817
0.00094225
0.00096053
0.00097891
0.00099867
0.0010165
0.0010343
0.001052
0.0010685
0.0010843
0.0010997
0.0011144
0.0011285
0.0011419
0
0
0
0
0
0
0
0
0
0
0
0
0
0
0
0
0
0
0
0
0
0
0
0
0
0
0
0
0
0
0
0
0
0
0
0
0
0
0
0
0
0
0
0
0
0
0
0
0
0
0
0
0
0
0
0
0
0
0
0
0
0
0
0
0
0
0
0
0
0
0
0
0
0
0
0
0
0
0
0
0
0
0
0
0
0
0
0
0
0
0
0
0
0
0
0
0
0
0
0
0
0
0
0
0
0
0
0
0
0
0
0
0
0
0
0
0
0
0
0
0
0
0
0
0
0
0
0
0
0
0
0
0
0
0
0
0
0
0
0
0
0
0
0
0
0
0
0
0
0
0
0
0
0
0
0
0
0
0
0
0
0
0
0
0
0
0
0
0
0
0
0
0
0
0
0
0
0
0
0
0
0
0
0
0
0
0
0
0
0
0
0
0
0
0
0
0
0
0
0
0
0
0
0
0
0
0
0
0
0
0
0
0
0
0
0
0
0
0
0
0
0
0
0
0
0
0
0
0
0
0
0
0
0
0
0
0
0
0
0
0
0
0
0
0
0
0
0
0
0
0
0
0
0
0
0
0
0
0
0
0
0
0
0
0
0
0
0
0
0
0
0
0
0
0
0
0
0
0
0
0
0
0
0
0
0
0
0
0
0
0
0
0
0
0
0
0
0
0
0
0
0
0
0
0
0
0
0
0
0
0
0
0
0
0
0
0
0
0
0
0
0
0
0
0
0
0
0
0
0
0
0
0
0
0
0
0
0
0
0
0
0
0
0
0
0
0
0
0
0
0
0
0
0
0
0
0
0
0
0
0
0
0
0
0
0
0
0
0
0
0
0
0
0
0
0
0
0
0
0
0
0
0
0
0
0
0
0
0
0
0
0
0
0
0
0
0
0
0
0
0
0
0
0
0
0
0
0
0
0
0
0
0
0
0
0
0
0
0
0
0
0
0
0
0
0
0
0
0
0
0
0
0
0
0
0
0
0
0
0
0
0
0
0
0
0
0
0
0
0
0
0
0
0
0
0
0
0
0
0
0
0
0
0
0
0
0
0
0
0
0
0
0
0
0
0
0
0
0
0
0
0
0
0
0
0
0
0
0
0
0
0
0
0
0
0
0
0
0
0
