-2.4918e-13
-2.1313e-08
-5.8697e-07
-1.6647e-06
-1.8194e-06
-1.8326e-06
-2.3078e-06
-2.8291e-06
-2.9341e-06
-4.4644e-06
-7.1204e-06
-2.7389e-06
-6.6847e-07
-1.0437e-05
-8.5657e-06
-1.2284e-06
-6.6085e-06
-1.4889e-05
-1.8336e-05
-2.4047e-05
-9.9245e-06
4.0924e-06
-7.8889e-06
-9.658e-06
3.3726e-06
-1.5044e-05
-2.2612e-05
-1.8597e-05
-2.7662e-05
-1.0749e-05
-1.5743e-05
-3.2223e-05
-3.4008e-06
-4.7783e-06
-4.5365e-05
-4.8817e-06
-3.5137e-05
-9.8448e-05
-2.231e-05
-3.1686e-05
-4.3016e-05
-6.3234e-05
-3.7071e-05
-2.775e-05
-0.00012187
-5.1326e-05
2.7831e-05
-7.6264e-05
-2.2933e-05
1.5961e-05
-5.3245e-05
-7.2728e-05
-0.00011934
-0.00013297
-4.0859e-05
-0.00010765
-8.1085e-05
-0.00016847
-7.5403e-05
-9.1691e-06
-9.78e-05
1.8601e-05
2.9099e-05
-8.7428e-05
-0.00021359
-0.0002101
7.168e-06
5.3161e-05
-8.1686e-05
-2.4143e-05
-4.5491e-05
-0.00010931
-0.00019427
-0.00015253
1.1862e-05
-0.0002205
-0.00033562
-0.00015567
-0.00021136
-0.00017383
-4.3212e-05
-9.6118e-05
-0.00013641
-6.1029e-05
-3.5122e-05
-5.9688e-05
-3.6965e-05
5.1261e-05
-3.819e-05
-3.6845e-05
-0.00010665
-0.0001597
4.3242e-05
8.6082e-05
-0.00010249
9.307e-06
0.00014516
-0.00013055
-8.4613e-05
-3.3416e-06
3.564e-05
-0.00017129
-0.00031215
-0.00028091
-0.00019265
-0.0002019
-1.3778e-05
-0.00013484
0.00011115
0.00012637
8.8158e-06
0.00011718
4.4487e-05
-3.1023e-05
-4.0728e-05
-6.2544e-05
-0.00019978
-5.7187e-05
-5.0926e-05
5.8092e-05
0.00020885
0.0001661
-0.00011167
-2.1851e-07
0.0001307
-2.7375e-06
-5.3848e-06
-0.00013553
-0.00015229
8.5294e-05
3.666e-06
-0.00020582
-9.1991e-05
0.0002408
0.00019921
0.00018671
-0.00021405
-0.00019114
0.00022501
-5.2147e-05
-0.00017636
0.00019905
0.00021081
7.4982e-05
-2.4927e-05
-2.3996e-05
0.0001198
0.00012348
-0.00011445
8.7897e-05
0.00015835
-0.00018748
3.441e-05
-0.00041351
-0.00013648
6.9961e-05
-0.00013621
7.2758e-05
6.99e-05
-1.2355e-05
6.0077e-05
1.4495e-05
-0.00013162
2.8438e-05
-8.129e-05
2.606e-05
-0.00011343
-0.00016774
-0.00011457
-0.00011059
-0.00017714
5.9496e-05
5.5761e-05
0.00011656
0.00025183
0.00027485
9.3725e-05
-8.5318e-05
-9.1186e-05
-0.00033611
-0.00033409
-0.00018477
-2.065e-05
-0.00032503
-0.00025316
0.00019262
-6.92e-06
3.8729e-05
5.5387e-05
-0.00014738
-0.00010891
6.7177e-05
5.1558e-06
9.9712e-05
-3.8855e-05
8.0075e-05
-0.00013445
-4.9144e-05
7.5578e-05
0.00020041
0.00030361
3.4134e-05
-0.00029546
-0.00018612
0.00014192
-0.00011581
0.00012816
-9.2942e-05
-7.9703e-05
0.0002268
-0.00012891
0.00012175
5.0329e-06
-0.00015242
0.00033446
0.00011546
-0.00024383
0.00026777
0.00045731
-0.00019821
-4.9088e-05
0.00029219
-6.1926e-05
0.00020175
0.00026844
8.1144e-05
0.00024984
-0.00017153
-0.00026258
0.00066108
0.00010854
-0.00048356
0.00010858
0.00011013
-0.00025333
0.00051304
0.00039562
-0.00014678
0.00044993
0.0003475
-0.00044084
-0.00014829
0.00034492
-0.00022348
-0.00044417
0.00012099
0.0004654
-0.00017764
-0.00081852
0.0005753
0.00038261
-0.00076504
0.00017698
0.0001876
7.8652e-05
0.00040582
-0.00022848
0.00029667
0.00062433
-0.00071104
-0.0003688
0.00059323
-0.00012513
-0.0007467
-9.6692e-05
0.00078885
0.00041565
-0.00099398
0.00031024
0.0010202
-0.00046522
-0.00071177
0.00030621
0.00065862
-0.00024683
-0.00085414
0.00042564
0.00082912
-0.0009416
-0.00056577
0.0012711
-0.00011271
-3.6979e-05
0.0013812
0.00068956
-0.00052698
-0.00042467
-0.00024345
-0.00055707
-8.671e-05
-5.699e-05
-0.00051919
-4.1049e-05
0.00022576
-5.2022e-05
3.3082e-05
1.2454e-05
-0.0003617
0.0010457
0.0018385
-0.0016572
-0.0014019
0.0017349
0.0014333
-0.0013764
-0.001324
0.0029138
0.0024649
-0.0012471
-0.00098044
0.0013613
-0.0012856
-0.002154
0.00082011
-0.0012505
-0.00042276
0.0028349
-0.00080633
-0.00024878
0.0025022
-0.00038316
-0.0010497
-0.00049737
0.00064225
0.0026681
-0.00035348
-0.0015838
0.0010368
-0.00058182
-0.00056728
0.00017915
0.00016391
0.002369
0.00019709
-0.0014242
0.0013938
-0.00070212
-0.0034301
-0.0005879
-0.00055857
-0.0012637
0.0018843
0.0028213
0.0019766
0.00038985
-0.00028021
0.0021753
0.0023984
-0.0019475
-0.0013498
0.0020283
-0.0020521
-0.0035195
-9.0869e-05
0.0019779
0.0014238
0.0011594
0.002162
0.0010788
-0.00053914
-0.0012737
-0.0017182
-0.0014396
0.00061523
0.00016802
0.00029925
0.0017471
2.8675e-05
-0.0017968
-0.0010536
0.0001911
0.00072133
0.0003289
-0.0011729
-0.0018712
0.0014367
0.0027006
-0.00033138
-0.00059502
0.0005814
-0.0017556
-0.0016513
0.0035019
0.0042858
0.0022281
4.8774e-05
-0.0014113
-0.0015924
-0.0041267
-0.0050312
-0.0016322
0.0015423
0.0028135
0.0041112
0.0036433
-0.0015317
-0.0028833
-0.0013648
-0.003291
-0.0040478
0.0010413
0.0047936
0.003477
0.00028609
-0.0028127
-0.001511
0.0015
-0.0019906
-0.0018766
0.0017291
-0.00071064
0.00109
0.0028812
-0.0017843
-0.002899
0.00012544
-0.001288
-0.00028659
0.0024855
0.0017145
0.0046148
0.0013317
-0.0029819
8.8931e-05
-0.0025952
-0.00424
0.0011137
0.0012899
-0.0017683
-0.00081527
0.0013782
0.002895
-0.00057134
-0.0019536
0.0037899
-0.00095553
-0.0048826
0.00044741
0.0015775
0.0015148
0.0025625
-0.0004023
0.0026769
0.00262
-0.0037729
0.001644
0.0019326
-0.0058858
-0.0029869
0.0029103
0.0023548
0.0016657
0.0011794
8.7786e-05
-0.00080171
-0.00036668
-0.0011871
0.00074251
0.00088519
-0.0033385
-0.00029355
0.0063122
0.0043205
0.0028967
0.0031964
0.0016004
0.00144
-0.0022409
-0.0044413
0.00096838
-0.0026833
-0.0052772
0.0031535
0.0038424
-0.0024203
-0.0026732
-0.0030275
-0.0019505
0.0012043
-0.0003986
0.0032874
0.0084318
0.0038888
0.0021029
0.0019316
0.0010729
0.0011013
-0.003724
-0.0036785
0.00073518
-0.0055506
-0.0025356
0.0073798
0.00020076
-0.0057366
-0.00043834
0.00028439
-0.0017014
-0.0036428
-0.001213
0.0094325
0.0058002
-0.00085483
0.005417
0.0010658
-0.0075185
-0.0065795
-0.002487
0.0055288
0.011555
0.005107
0.0014284
-0.005125
-0.01894
-0.010776
0.0076358
0.0047209
-0.0032606
0.00079826
0.0080348
-0.00057535
-0.0062093
0.00031839
-0.004966
-0.0076301
0.0023178
0.008957
0.0085871
0.0004824
0.0012124
0.0049278
8.2492e-05
-0.0097108
-0.011758
0.00033299
0.0084063
0.0071113
0.0020943
-0.007457
-0.008626
-0.0046061
-0.0096332
-0.0030562
0.017993
0.01356
0.00094981
0.0071534
-0.0047241
-0.018459
-0.011326
-0.0035921
0.0065437
0.0065459
-0.0030388
0.004055
0.0034376
-0.011388
-0.0076634
0.0062047
-0.0014106
-0.0064074
0.0065331
0.014624
0.0014206
-0.0094731
0.0055014
0.012736
-0.0099434
-0.017482
0.0054884
0.016666
-0.011841
-0.0077579
0.01716
0.0039791
-0.011322
-0.01174
0.0012425
0.0090899
-0.010453
-0.0067248
0.01733
0.016135
-0.0024272
-0.0088249
0.013075
0.0062032
-0.030908
-0.015288
0.022177
0.0065853
-0.012571
0.0031134
0.0050437
-0.0029826
-0.014572
-0.0065791
0.006611
-0.0043307
-0.0039884
0.011851
0.019604
-0.014319
-0.02475
0.014652
0.0095549
-0.011257
0.0061234
0.0056767
-0.0076471
-0.0043367
-0.0024094
0.0081204
0.025523
-0.00030007
-0.024903
-0.0078554
0.016809
0.0094851
-0.026946
-0.01135
0.021528
0.0048011
-0.010655
-0.0054916
0.029004
0.025572
-0.017234
-0.020835
0.013248
-0.00042031
-0.056082
-0.028617
0.037596
0.036153
-0.015574
-0.0038742
0.027441
-0.0091141
-0.027999
-0.0031799
0.020703
0.017437
-6.4463e-05
-0.0024664
0.012375
0.011953
-0.013509
-0.026821
-0.00046275
0.011475
-0.021295
-0.0088086
0.025529
0.026828
0.016954
-0.012305
-0.011889
0.0035952
0.0062755
-0.012732
-0.021695
0.024233
0.0053037
-0.044302
-0.011397
0.013844
0.0082163
0.017285
0.011878
0.020777
-0.00074231
-0.048405
-0.012211
0.035011
0.0003462
-0.026585
0.032099
0.047236
0.0023875
-0.013755
0.0020948
-0.011609
-0.0017668
0.01928
-0.0060552
0.00058154
0.024017
-0.015965
-0.055468
-0.02422
0.035081
0.023067
8.1612e-05
-0.012985
0.024976
0.043625
-0.07589
-0.059399
0.043994
0.020697
-0.0016205
0.011583
0.045503
0.038066
-0.022266
-0.060364
-0.015802
0.025849
-0.0097164
-0.018014
0.022916
-0.00012986
-0.050735
-0.024988
0.036023
0.021471
-0.030115
0.020051
0.021644
0.037299
0.03189
-0.059049
0.005769
0.031885
0.021346
0.001606
-0.057486
-0.013151
0.0013793
-0.061421
-0.0070304
0.039532
-0.014053
-0.041192
0.015924
0.04219
-0.0044106
-0.01675
0.023217
0.06362
-0.024324
-0.080515
-0.0020839
0.030584
0.054404
0.01975
-0.042968
-0.0087128
-0.015233
-0.01154
0.014025
-0.034613
-0.0059344
0.030427
-0.0014941
-0.0036317
-0.0029305
0.022136
0.021087
0.021323
-0.011733
-0.045662
-0.026398
-0.0043792
0.038625
0.017333
-0.015502
0.021915
0.029301
-0.034238
-0.058935
0.013242
0.043796
0.0030555
-0.035448
0.015595
0.010234
-0.053677
0.0010437
0.010542
-0.026098
-0.022503
0.012002
0.027579
-0.040407
-0.032602
0.053678
0.013491
-0.032504
0.00042787
-0.00010894
0.0053966
0.015179
-0.018567
0.010878
0.013382
-0.0098274
0.041059
0.056208
-0.0018808
3.6814e-05
0.022764
-0.030543
-0.050266
0.010471
0.016633
-0.039527
-0.022213
0.027397
0.020769
0.0072761
0.0015268
0.0062805
0.038356
0.025326
-0.0037136
0.022689
0.030017
0.01222
0.015423
-0.0026625
-0.03365
7.1797e-05
0.028157
0.014767
0.0084173
-0.0029411
-0.006429
0.012049
0.016617
-0.0018684
-0.011988
-0.012911
-0.015616
-0.0025946
0.0082026
-0.021531
-0.034599
0.008033
-0.0074115
-0.030007
-0.023098
-0.016035
0.0066105
0.0078139
-0.025525
-0.032591
-0.015499
-0.020592
-0.021026
0.0017632
0.018076
0.029801
0.010815
0.00037525
0.0098763
0.0051947
-0.019282
-0.01171
-0.0090377
-0.038246
-0.040728
-0.029039
-0.022687
-0.0034927
0.01545
0.054152
0.056757
-0.016156
-0.010324
0.056488
-0.0063764
-0.059212
-0.017402
-0.0032256
-0.018576
-0.0069983
0.013877
0.0076369
-0.031046
-0.036488
-0.0045093
0.01575
-0.010792
-0.029291
0.0068551
0.026032
0.046238
0.051408
-0.0026993
-0.031412
0.0057794
0.027377
-0.0049887
-0.023676
-0.026195
-0.031795
0.014977
0.043391
0.029109
0.0039493
-0.020076
-0.0071717
0.034457
0.075394
0.057142
0.02357
0.019688
0.01003
-0.034795
-0.084055
-0.041396
0.025555
0.02038
-0.0080177
-0.0014428
0.034752
0.058316
0.060892
0.058746
0.030443
-0.016449
0.0063508
0.01016
-0.026014
-0.019685
-0.012865
-0.046939
-0.090461
-0.087353
-0.057675
-0.031899
-0.014382
-0.015214
0.0085987
0.043937
0.049691
0.058182
0.023914
-0.045385
-0.01674
0.031011
0.013959
-0.01752
-0.052425
-0.04256
0.0051304
0.032393
0.020077
-0.027518
-0.03804
-0.032569
-0.047959
-0.053464
-0.066368
-0.081153
-0.068866
-0.043878
0.0073547
0.048474
0.054933
0.09904
0.12484
0.08071
0.029545
-0.0040917
0.031001
0.1311
0.19038
0.13275
0.015667
-0.046948
-0.043066
-0.030306
-0.054088
-0.0084144
0.076062
0.083775
0.04544
-0.025797
-0.087795
-0.13835
-0.14408
-0.066933
-0.0065838
-0.037346
-0.065497
0.055772
0.15091
0.078845
0.019738
-0.039285
-0.18476
-0.18646
-0.020419
0.061303
0.096992
0.099194
0.038109
-0.0063737
-0.10345
-0.20642
-0.17
-0.076808
-0.01658
0.047729
0.1157
0.11137
0.063541
0.0032703
-0.045801
0.015561
0.083859
0.12523
0.21201
0.21204
0.12641
-0.062763
-0.18956
-0.11842
0.035679
0.1785
0.068954
-0.11145
-0.10351
-0.024674
0.11248
0.098826
-0.045041
-0.12306
-0.18218
-0.10799
-0.018701
-0.052581
-0.054883
-0.052194
0.024992
-0.011468
-0.16503
-0.16932
-0.14
-0.013343
0.20343
0.17662
-0.02989
-0.14221
-0.13333
-0.17709
-0.16005
0.01072
0.14211
0.17905
0.092616
0.046809
0.020331
0.0003955
-0.05117
-0.09874
-0.069514
-0.079047
-0.039864
0.05372
0.047188
0.026758
0.0041785
-0.019458
0.011272
-0.035468
-0.034849
0.093673
0.15361
0.13629
0.10703
0.047968
0.011148
0.035357
0.022286
-0.045706
-0.15781
-0.1712
-0.058639
-0.033589
-0.046439
-0.015034
0.043856
0.026637
0.040815
0.17906
0.22808
0.14016
0.06246
0.10382
0.066174
-0.021385
-0.045057
-0.042686
-0.10708
-0.14214
-0.056863
0.015807
0.064889
0.16231
0.20521
0.19886
0.13859
0.067399
-0.035665
-0.1136
-0.11506
-0.023182
0.0874
0.084863
-0.014177
0.011002
0.077399
-0.017844
-0.088328
-0.070169
-0.079056
-0.068945
-0.028866
0.0044491
-0.059177
-0.086237
-0.010621
-0.034157
-0.11877
-0.056087
0.058392
0.074267
-0.0061409
-0.12857
-0.15588
-0.074735
-0.035137
-0.033011
-0.0070582
0.017308
0.037449
0.051104
-0.0093537
-0.10433
-0.11095
-0.049574
0.027597
0.10421
0.1648
0.21808
0.25184
0.24834
0.19995
0.055225
-0.11497
-0.16424
-0.15573
-0.11622
-0.038483
0.013706
0.028765
0.071121
0.10589
0.079078
-0.010613
-0.052449
0.022836
0.07329
0.023
-0.053643
-0.10658
-0.13271
-0.14414
-0.10439
-0.091141
-0.10472
-0.038276
-0.0031452
-0.062134
-0.11773
-0.13721
-0.12654
-0.1108
-0.11368
-0.059371
0.023222
0.047513
0.021148
-0.0066902
0.011843
0.033732
0.056267
0.11055
0.17364
0.13516
0.059946
0.065479
0.054424
0.047952
0.082569
0.11351
0.12699
0.11349
0.12009
0.14504
0.14904
0.082402
-0.082597
-0.19273
-0.17325
-0.14967
-0.14846
-0.11631
-0.060477
0.014617
0.067822
0.083925
0.075599
0.013738
-0.011032
0.070337
0.076658
-0.073637
-0.18505
-0.12196
-0.024274
0.013789
0.042163
0.039269
0.033473
0.034872
0.053211
0.10109
0.091933
0.015374
0.0031799
0.037368
0.049587
0.088828
0.092678
0.082196
0.077636
0.0087425
-0.048715
-0.082755
-0.10506
-0.022595
0.071273
0.054186
0.032829
0.058999
0.073175
0.06166
0.038328
0.01425
0.014586
0.024616
0.018951
0.013533
0.031469
0.050521
0.05397
0.05989
0.059881
0.083017
0.11012
0.12336
0.1003
0.020902
-0.044675
-0.028407
0.024537
0.048988
0.030984
-0.0069468
-0.044421
-0.063336
-0.071545
-0.058792
-0.02792
-0.0097046
0.0027253
-0.004422
-0.020728
-0.049483
-0.068936
-0.03512
0.026503
0.080058
0.081589
0.031098
-0.014745
-0.012808
0.001078
-0.0097016
-0.002205
-0.034478
-0.1049
-0.10753
-0.079587
-0.086364
-0.091477
-0.056271
-0.0091254
-0.009301
-0.040975
-0.054707
-0.032689
-0.01061
-0.00029455
0.02112
0.019172
-0.0015095
-0.0017116
-0.0033483
-0.024402
-0.023145
-0.02718
-0.063457
-0.087615
-0.098804
-0.099692
-0.072068
-0.037789
-0.010753
0.014451
0.034006
0.046071
0.024846
-0.017662
-0.049103
-0.062691
-0.055697
-0.029502
0.0032733
-0.0060445
-0.016227
0.014592
0.025972
0.0066931
0.0048845
0.027378
0.070384
0.094999
0.081583
0.055707
0.025104
-0.025983
-0.080279
-0.10207
-0.094016
-0.055979
-0.010979
0.0037543
-0.0018353
-0.014761
-0.024798
-0.0098365
0.0094704
-0.0021535
-0.032638
-0.040578
-0.030886
-0.039164
-0.05473
-0.071653
-0.066998
-0.034639
-0.018751
-0.031193
-0.045571
-0.048974
-0.052835
-0.071253
-0.083377
-0.073004
-0.048476
-0.026809
0.032691
0.075099
0.042467
0.023089
0.023298
0.010439
-0.009006
-0.017412
-0.0052423
-0.0083452
-0.013032
0.016768
0.045424
0.040384
0.012698
-0.025921
-0.06957
-0.10197
-0.099817
-0.085322
-0.092883
-0.10244
-0.081318
-0.051988
-0.040489
-0.026587
0.0033282
0.017669
0.0085068
0.012848
0.038515
0.061413
0.056141
0.02347
-0.0077676
-0.022008
-0.023652
-0.036777
-0.060878
-0.065584
-0.05702
-0.046565
-0.035565
-0.034757
-0.038418
-0.025361
0.0028237
0.018642
0.016348
0.01973
0.031388
0.032089
0.028051
0.02236
0.01659
0.01106
-0.00024003
-0.011329
-0.015367
-0.005441
0.0031121
0.0094687
0.02438
0.035522
0.045097
0.046856
0.039593
0.0388
0.02733
0.010388
0.0070802
0.0036161
-0.006617
-0.0033468
0.021825
0.033763
0.02436
0.022164
0.032238
0.042675
0.048078
0.04427
0.036039
0.01977
0.0038641
0.0081547
0.016684
0.0073719
-0.0026196
-0.00015178
0.010985
0.031799
0.047753
0.054825
0.058303
0.072477
0.090208
0.083526
0.074229
0.071229
0.063647
0.060255
0.063988
0.067928
0.067731
0.063897
0.052078
0.034764
0.017057
0.0044618
0.0035034
0.011699
0.019427
0.023191
0.019363
0.0054599
-0.0074926
-0.012534
-0.0007414
0.022974
0.045267
0.066066
0.077289
0.073841
0.069465
0.074266
0.068948
0.041289
0.010346
-0.010621
-0.027293
-0.030242
-0.020959
-0.020007
-0.021284
-0.020917
-0.015729
-0.0042911
0.0054352
0.016502
0.025625
0.027375
0.027969
0.035965
0.032797
0.012553
0.0055607
0.0021119
-0.012069
-0.022462
-0.021304
-0.0073103
-0.0016451
-0.012296
-0.012722
-0.0090763
-0.011634
-0.0037996
0.008787
0.011463
0.0064374
0.0093409
0.019019
0.021183
0.020116
0.012994
0.0029728
-0.0031022
-0.0072187
-0.0018063
0.0075053
0.014106
0.02295
0.026571
0.019827
0.0079563
0.0037275
0.0049027
0.00036321
-0.013333
-0.026691
-0.027921
-0.03109
-0.035875
-0.034154
-0.0385
-0.038775
-0.029346
-0.021046
-0.025357
-0.038082
-0.044087
-0.04553
-0.045262
-0.042579
-0.036705
-0.02609
-0.016073
-0.01007
-0.0083401
-0.0087299
-0.014882
-0.024159
-0.014426
0.0067289
0.006008
-0.0012563
0.004507
0.0055372
-0.015477
-0.038585
-0.043413
-0.045517
-0.051543
-0.050936
-0.043005
-0.030469
-0.024453
-0.023312
-0.015092
-0.012441
-0.013171
-0.0081049
-0.0019733
0.0090893
0.018604
0.022001
0.025649
0.034303
0.043013
0.042495
0.041282
0.043232
0.041202
0.03245
0.016215
0.0023838
-0.0091554
-0.016396
-0.017308
-0.01839
-0.01962
-0.017827
-0.012421
-0.011569
-0.012607
-0.014002
-0.026274
-0.041332
-0.045988
-0.046908
-0.043773
-0.027576
-0.017084
-0.016197
-0.0063517
0.0050386
0.013621
0.018698
0.016459
0.012825
0.0071157
-0.002599
-0.0081923
-0.0061473
-0.0077679
-0.011175
-0.0045385
0.0025322
-0.0006415
-0.012237
-0.016327
-0.011803
-0.021337
-0.037434
-0.039063
-0.035323
-0.033029
-0.029188
-0.02995
-0.031792
-0.030358
-0.026574
-0.011779
0.0055848
0.013616
0.019102
0.018057
0.0077415
-0.0020502
0.00094835
-0.001543
-0.013627
-0.018305
-0.015006
-0.0099724
-0.0098418
-0.013801
-0.011632
-0.010605
-0.011709
-0.0054775
0.00085923
0.0059967
0.013725
0.018108
0.020503
0.028136
0.038591
0.038355
0.032016
0.027059
0.021718
0.0207
0.014394
0.006376
0.013395
0.017888
0.0080557
-0.0040212
-0.011451
-0.010169
-0.0026399
0.0026726
0.0055655
0.010228
0.013107
0.013563
0.017952
0.012551
-0.0044968
-0.012016
-0.0071355
0.0031674
0.011042
0.0032341
-0.0056729
-0.0063403
-0.010864
-0.017366
-0.016145
-0.014015
-0.015366
-0.013073
-0.011892
-0.012278
-0.0099559
-0.010285
-0.0073864
-0.00020971
0.0044722
0.0049656
0.001829
0.0017035
0.0071291
0.013899
0.017217
0.019388
0.01971
0.017312
0.019762
0.025734
0.034388
0.037147
0.031972
0.026146
0.024238
0.025902
0.025704
0.023344
0.021148
0.020102
0.021537
0.017486
0.007894
-0.00094763
-0.0061
-0.0056776
-0.0031613
-0.0062721
-0.014729
-0.016961
-0.011902
-0.0059189
-0.0020413
0.004522
0.014591
0.023418
0.029691
0.029889
0.028531
0.030214
0.029203
0.026705
0.028097
0.029219
0.026971
0.029601
0.031041
0.024884
0.021488
0.020055
0.018954
0.019818
0.015428
0.013651
0.018997
0.019441
0.0091533
0.0020883
0.0029432
0.0051948
0.0044819
-0.0022252
-0.0075041
-0.010297
-0.01556
-0.014615
-0.014161
-0.022268
-0.022359
-0.014058
-0.0091507
-0.010169
-0.011301
-0.0088935
-0.012735
-0.022063
-0.026817
-0.027855
-0.031922
-0.038767
-0.040027
-0.034206
-0.027104
-0.022478
-0.02055
-0.015732
-0.010958
-0.0091591
-0.0078988
-0.0089506
-0.005371
-0.0011346
-0.0087728
-0.01638
-0.017376
-0.019232
-0.023667
-0.028146
-0.027759
-0.021001
-0.016071
-0.015597
-0.012665
-0.006656
-0.0024863
-0.0032746
-0.0078921
-0.0098229
-0.0082406
-0.0089514
-0.010632
-0.01006
-0.0076548
-0.0042607
-0.003267
-0.0038475
-0.0011338
-0.0034454
-0.0083495
-0.0088611
-0.011415
-0.014675
-0.017287
-0.018446
-0.016079
-0.011857
-0.006235
-0.0047844
-0.0093164
-0.011972
-0.012202
-0.013664
-0.016537
-0.023379
-0.024879
-0.021076
-0.020568
-0.021279
-0.021977
-0.017222
-0.0068751
-0.0031394
-0.0058079
-0.007147
-0.004739
0.00078618
0.0058431
0.0075607
0.0022791
-0.0067341
-0.0067254
0.00076876
0.005179
0.0064579
0.0086548
0.010792
0.014966
0.016811
0.017147
0.022601
0.026937
0.027192
0.024051
0.021061
0.019847
0.018024
0.016433
0.015661
0.015259
0.0091393
0.0027865
0.0072235
0.010497
0.006939
0.006082
0.0093526
0.011316
0.013119
0.017382
0.020116
0.021541
0.024149
0.029918
0.033851
0.034411
0.036696
0.033945
0.025294
0.019953
0.017967
0.014525
0.013653
0.017295
0.020319
0.022702
0.022153
0.018614
0.013361
0.0054988
0.0015577
0.0065777
0.010617
0.010992
0.013174
0.0179
0.022326
0.023467
0.021931
0.018406
0.015575
0.013387
0.011832
0.012603
0.0084026
0.0020767
-0.0015335
-0.0071092
-0.014027
-0.020686
-0.02347
-0.019516
-0.015039
-0.012345
-0.0096565
-0.0091712
-0.010992
-0.0077419
-0.0014749
0.0022542
0.0030391
2.5116e-05
-0.0034644
-0.0014498
0.0034814
0.006259
0.0040317
-0.0021602
-0.0049336
-0.0025779
-0.003692
-0.0092594
-0.011454
-0.011406
-0.0095835
-0.0077776
-0.0087731
-0.0078914
-0.0080552
-0.012407
-0.012357
-0.0070858
-0.0033601
-0.0022471
-0.002614
-0.00077696
0.0024692
0.0023262
-0.0026213
-0.0063485
-0.0044152
-0.0026219
-0.0023387
-0.0050109
-0.010793
-0.01294
-0.012717
-0.010286
-0.0088788
-0.0082686
-0.004304
-0.0020439
-0.0017658
-0.0037301
-0.0059838
-0.006187
-0.0047392
-0.0028128
-0.0022269
-0.00084363
2.7372e-05
5.929e-05
-0.002218
-0.0073383
-0.0080779
-0.0096312
-0.014553
-0.016092
-0.017526
-0.018832
-0.016908
-0.014432
-0.012714
-0.013571
-0.014417
-0.01266
-0.011205
-0.012335
-0.01345
-0.013336
-0.014692
-0.017334
-0.016835
-0.012591
-0.0091848
-0.0068177
-0.0020223
-0.0011628
-0.0061702
-0.0099971
-0.010663
-0.010265
-0.010023
-0.0084292
-0.006042
-0.0072975
-0.0087824
-0.0072259
-0.0052707
-0.0056333
-0.0054621
-0.0023136
0.002015
0.002686
0.0019822
0.0071258
0.0087617
0.0048102
0.0064157
0.0081335
0.0064783
0.0050742
0.005311
0.0086407
0.008434
0.0041484
0.0017756
0.0025547
0.0055956
0.0070163
0.0052983
0.0053825
0.0057583
0.0070147
0.0075536
0.007487
0.0088297
0.0071333
0.0080653
0.011392
0.010444
0.0095398
0.0090525
0.0083299
0.0094895
0.011589
0.012873
0.012336
0.010221
0.0087646
0.01037
0.01115
0.0099853
0.010103
0.010547
0.011259
0.01168
0.0099403
0.0079229
0.0057721
0.004641
0.0058883
0.0041505
0.0010373
-0.00023789
-0.00019808
0.00063638
0.0013786
0.0010481
-0.00058901
0.00015959
0.0020116
0.0013345
0.00069001
0.00046229
3.0094e-05
0.00072373
0.0011153
0.00087258
-0.0002755
-0.0012
-0.001566
-0.0022726
-0.0031139
-0.0037413
-0.0043644
-0.0047003
-0.0044554
-0.0044201
-0.0048834
-0.0052553
-0.0049814
-0.0045036
-0.0047025
-0.0047339
-0.0041477
-0.0038819
-0.0041729
-0.004045
-0.0034464
-0.0031046
-0.003311
-0.0032613
-0.0030449
-0.0028328
-0.0022166
-0.0017404
-0.0011324
-0.00065739
-0.00077663
-0.00081441
-0.00061922
-0.00052499
-0.00048617
-0.00046037
-0.00039048
-0.00020922
-0.0001187
-4.5975e-05
-7.7579e-05
-6.577e-05
0.00012216
0.00016807
0.00018459
0.00028304
0.00038069
0.00046384
0.00048503
0.0005219
0.00054691
0.00051977
0.00052699
0.00054115
0.00054855
0.00054468
0.00053052
0.00052566
0.0005169
0.00049895
0.00046839
0.00044563
0.00043425
0.00041064
0.00038314
0.00036591
0.00035545
0.00034446
0.00033207
0.00032349
0.00031677
0.00031042
0.000304
0.00029614
0.00028777
0.00027909
0.00027038
0.0002618
0.0002528
0.00024345
0.00023376
0.00022368
0.00021322
0.0002024
0
0
0
0
0
0
0
0
0
0
0
0
0
0
0
0
0
0
0
0
0
0
0
0
0
0
0
0
0
0
0
0
0
0
0
0
0
0
0
0
0
0
0
0
0
0
0
0
0
0
0
0
0
0
0
0
0
0
0
0
0
0
0
0
0
0
0
0
0
0
0
0
0
0
0
0
0
0
0
0
0
0
0
0
0
0
0
0
0
0
0
0
0
0
0
0
0
0
0
0
0
0
0
0
0
0
0
0
0
0
0
0
0
0
0
0
0
0
0
0
0
0
0
0
0
0
0
0
0
0
0
0
0
0
0
0
0
0
0
0
0
0
0
0
0
0
0
0
0
0
0
0
0
0
0
0
0
0
0
0
0
0
0
0
0
0
0
0
0
0
0
0
0
0
0
0
0
0
0
0
0
0
0
0
0
0
0
0
0
0
0
0
0
0
0
0
0
0
0
0
0
0
0
0
0
0
0
0
0
0
0
0
0
0
0
0
0
0
0
0
0
0
0
0
0
0
0
0
0
0
0
0
0
0
0
0
0
0
0
0
0
0
0
0
0
0
0
0
0
0
0
0
0
0
0
0
0
0
0
0
0
0
0
0
0
0
0
0
0
0
0
0
0
0
0
0
0
0
0
0
0
0
0
0
0
0
0
0
0
0
0
0
0
0
0
0
0
0
0
0
0
0
0
0
0
0
0
0
0
0
0
0
0
0
0
0
0
0
0
0
0
0
0
0
0
0
0
0
0
0
0
0
0
0
0
0
0
0
0
0
0
0
0
0
0
0
0
0
0
0
0
0
0
0
0
0
0
0
0
0
0
0
0
0
0
0
0
0
0
0
0
0
0
0
0
0
0
0
0
0
0
0
0
0
0
0
0
0
0
0
0
0
0
0
0
0
0
0
0
0
0
0
0
0
0
0
0
0
0
0
0
0
0
0
0
0
0
0
0
0
0
0
0
0
0
0
0
0
0
0
0
0
0
0
0
0
0
0
0
0
0
0
0
0
0
0
0
0
0
0
0
0
0
0
0
0
0
0
0
0
0
0
0
0
0
0
0
0
0
0
0
0
0
0
0
0
0
0
0
0
0
0
0
0
0
0
0
0
0
0
0
0
0
0
0
0
0
0
0
0
