-1.3557e-10
-1.1611e-05
-0.00031546
-0.00085031
-0.00076529
-0.0007024
-0.00075959
-0.00070638
-0.00071405
-0.00070451
-0.00068876
-0.0006857
-0.00067293
-0.00066486
-0.0006561
-0.00064635
-0.00063795
-0.00062877
-0.00061998
-0.00061125
-0.00060245
-0.0005938
-0.00058514
-0.00057648
-0.00056795
-0.00055942
-0.00055091
-0.0005423
-0.0005341
-0.00052582
-0.00051726
-0.00050915
-0.00050067
-0.00049224
-0.0004844
-0.00047639
-0.00046828
-0.00046003
-0.00045227
-0.00044331
-0.00043543
-0.00042796
-0.00041984
-0.00041095
-0.00040211
-0.00039458
-0.00038767
-0.00038139
-0.00037269
-0.00036515
-0.00035968
-0.00034958
-0.00034177
-0.00033594
-0.0003278
-0.00031758
-0.00030898
-0.000304
-0.0002948
-0.00028666
-0.00027455
-0.00026997
-0.00026691
-0.00025727
-0.00025332
-0.00024352
-0.00023753
-0.00023051
-0.0002166
-0.00021462
-0.00021048
-0.00019819
-0.00019832
-0.00018915
-0.00018429
-0.00017647
-0.00016521
-0.00016469
-0.00015665
-0.00014565
-0.00014122
-0.00012588
-0.00012004
-0.00013008
-0.00011256
-0.00011078
-0.00010208
-9.1137e-05
-8.7878e-05
-8.1438e-05
-8.0661e-05
-6.7472e-05
-4.3475e-05
-2.5898e-05
-5.5437e-05
-6.1908e-05
-3.6609e-05
-3.6498e-05
-3.6496e-05
-1.7067e-05
-1.5787e-05
-2.2376e-05
-2.9874e-06
1.5304e-05
9.9354e-07
7.8855e-06
2.4387e-05
1.5901e-05
1.0845e-05
3.8358e-05
3.6892e-05
4.4032e-05
3.0058e-05
2.5776e-05
6.0103e-05
5.42e-05
5.7054e-05
7.687e-05
7.5536e-05
7.7699e-05
8.3324e-05
7.7852e-05
7.1073e-05
8.2598e-05
7.9246e-05
8.7266e-05
9.6905e-05
0.00010244
0.0001074
0.0001071
0.00011336
0.00012895
0.00012471
0.00012973
0.00013747
0.00013984
0.00014989
0.00014205
0.00013887
0.00013564
0.00014616
0.00018099
0.00017181
0.0001646
0.0001676
0.00015518
0.00014981
0.00016003
0.00016053
0.00017533
0.00017393
0.00017954
0.00019696
0.00018895
0.00017749
0.00020513
0.00020369
0.00020556
0.00021795
0.00019925
0.00020454
0.00020771
0.00019032
0.00019807
0.00022169
0.00022952
0.00022364
0.00022675
0.00022873
0.00020679
0.00021232
0.00022023
0.00021908
0.00021107
0.00019726
0.00023196
0.00023227
0.00022747
0.00023437
0.00023627
0.00024773
0.00024026
0.00023771
0.00025463
0.00024217
0.00024348
0.00025823
0.00025578
0.00026035
0.00025274
0.00025565
0.0002584
0.00026629
0.0002673
0.00028211
0.00028764
0.00027057
0.00027983
0.00027546
0.00027174
0.00027304
0.00026324
0.00026651
0.00025299
0.00028298
0.00030307
0.00027983
0.00026072
0.00027277
0.00028117
0.00027941
0.00027899
0.00027641
0.00029155
0.00028209
0.00027218
0.00028539
0.00028093
0.00026235
0.00028987
0.00028505
0.00029697
0.00027317
0.00020887
0.00022788
0.00023252
0.00046284
0.00053334
0.0001718
0.000107
0.00038984
-3.5812e-05
-9.3435e-05
0.00075529
0.00064331
-0.00011781
1.3855e-05
-1.3239e-05
-0.00059167
-8.865e-05
0.00055897
0.00035095
0.000464
0.00031307
-0.0012624
-0.00044552
0.0017582
0.0013907
-0.001454
0.00082253
0.0027964
-0.00036027
0.0011531
-0.00027053
8.0111e-05
0.00060996
0.00029295
0.0025213
-0.0022692
0.0018925
0.0012574
-0.0037348
0.00071698
-0.0014871
0.001055
0.0036084
-0.00055591
-0.0031219
-0.0021704
0.0024888
-0.0010412
6.222e-05
0.0021789
0.0017102
-3.6439e-05
0.0029345
-0.00061239
-0.0044604
9.7597e-06
0.0017167
0.0064373
0.0037309
-0.0015384
-8.1196e-05
-0.0021058
-1.694e-05
0.0022506
-0.0014984
-0.0011121
0.00042889
0.00055135
-0.0007412
-0.0017881
0.00026773
0.0013658
-0.000381
0.0011505
0.0016911
0.00087092
0.0031565
-4.1244e-05
-0.0024452
0.0011837
0.0011021
-0.00068794
0.0021527
0.00040343
-0.0038275
-0.00087405
0.003254
0.0053242
0.00090208
-0.00095387
-0.0015175
-0.0045375
0.00024099
0.0016949
0.0054763
0.00019166
-0.004693
0.0032487
-0.0019508
-0.0056408
0.0024621
0.0051664
0.00084709
-0.0070846
0.0014556
0.0039797
0.0031054
0.003269
-0.00339
-0.00022849
-0.00073827
-0.0010814
0.0034006
-0.0045067
-0.0036716
0.0033539
0.0027974
-0.00070612
-0.0051862
0.001209
0.0035534
-0.0034655
-0.00075864
0.0020479
-0.00080857
0.0019644
0.00015624
-0.0039496
-0.00051732
-0.001044
-0.0026467
0.0021487
0.00072672
-0.0034182
0.0045831
0.0038565
-0.001704
-0.00077389
0.004198
-0.0030485
-0.0035718
0.0024688
-0.0054256
-0.0049444
-0.00083594
-0.00016871
0.0031359
-0.0013437
-0.0020262
-0.0018479
0.00017037
0.0046627
-0.00058728
0.0033585
-0.0016934
0.00070304
0.0077898
-0.0031686
-0.0072873
0.0016527
0.0013873
-0.005394
0.0011288
-0.0037253
-0.011631
0.0056415
0.0046274
-0.0029167
0.00095498
0.00037355
0.001005
0.0015727
0.0055417
1.3242e-05
-0.014482
0.0030033
0.0075251
-0.0033477
0.0026345
-0.0049236
-0.0041911
0.0075858
0.0088666
-0.0047273
-0.0047945
0.0059853
0.00072785
0.00056409
-0.00072111
-0.005937
-0.0073464
0.0078126
0.011898
-0.0022579
-0.0062283
-0.003576
0.0074048
-0.0041711
0.010475
0.00061082
-0.0137
0.0054337
0.0098376
0.0011829
-0.0032811
-0.0091382
-0.0090486
0.0071702
0.014833
0.0040346
-0.0068336
-0.0011162
0.0060043
0.0097075
0.0068204
-0.0013011
-0.0075302
-0.0036429
0.012424
-0.00089228
-0.0018973
0.0044918
-0.0013649
-0.0070587
0.0054202
0.0073856
-0.010441
-6.8395e-05
0.013052
0.00060726
-0.012688
0.0096684
0.011083
-0.003111
0.003313
-0.0032261
-0.012856
-0.0012468
0.0069377
0.014184
-0.013545
-0.0043489
0.023388
-0.00016035
-0.0080979
0.0054962
0.018216
-0.0073301
-0.010696
0.0083583
-0.0025782
-0.0054429
0.0053024
-0.0070876
-0.014078
-0.00024458
0.01014
-0.0025888
0.0083375
0.0050385
-0.0046879
0.0099447
0.013585
0.0018657
0.0024921
0.0083209
-0.0038719
-0.0088225
-0.011153
-0.0051588
-0.0071444
0.0070867
0.0033376
-0.015795
-0.021704
-0.0013416
0.0083495
-0.017814
-0.0030243
0.011319
-0.016295
0.000349
0.02328
0.0072309
-0.021599
-0.016903
0.019749
0.0031461
-0.0086573
0.021175
0.0011065
-0.006486
0.016396
0.0029096
-0.010587
0.014087
0.0027616
-0.017259
-0.0076907
-0.0045675
-0.018398
-0.011613
0.00052885
0.0014697
-0.0078601
0.0092538
0.019337
-0.0038631
0.0084133
0.02086
-0.0070052
-0.019799
0.004604
0.013375
0.0029672
0.016729
0.001832
-0.02362
-0.010904
-0.0024321
-0.0084432
-0.00080755
-0.0069178
-0.0024506
-0.0068894
0.0017965
0.021
-0.012428
-0.013001
0.019244
0.0067465
0.0034617
0.019854
0.012909
0.0062388
-0.0054476
0.0037525
0.0069876
0.0023755
0.010921
0.0049404
0.0018011
-0.005083
-0.02714
-0.026228
0.0016484
0.0025201
0.014849
0.025054
-0.0076883
-0.015308
0.0070833
-0.011393
-0.024098
-0.0068992
-0.025395
-0.010976
0.010414
0.0070865
0.020489
0.01469
0.0094305
0.013099
-0.002058
-0.0062124
-0.0046294
-0.021546
0.0019411
0.0096706
0.0048596
0.0090024
0.021393
0.041161
0.027535
0.015272
-0.016436
-0.054323
-0.0084563
-0.00079476
-0.02355
0.034411
0.0076625
-0.038928
-0.0064321
-0.031833
-0.032893
-0.059251
-0.065228
0.041268
0.035632
0.018925
0.06722
0.0068547
-0.064034
-0.032448
0.04998
0.069814
0.023513
0.025211
0.049681
0.012767
0.022257
0.0434
0.065111
0.06115
-0.006269
-0.038058
-0.0062783
-0.0024048
-0.045498
0.0036099
0.059631
0.0036477
-0.024685
-0.030244
-0.048223
-0.033796
0.0074808
0.044436
0.056277
0.037545
0.013108
-0.0028723
-0.023907
-0.0114
0.032125
0.052833
0.048721
0.047166
0.027447
0.020327
0.064436
0.047605
-0.023785
-0.02729
-0.036694
-0.052687
-0.054456
-0.018648
0.048698
0.084169
0.11997
0.16503
0.19928
0.24319
0.28436
0.31243
0.29246
0.29442
0.29068
0.25938
0.24587
0.16035
-0.051599
-0.24561
-0.30255
-0.29967
-0.27826
-0.25175
-0.24802
-0.26514
-0.28075
-0.28447
-0.28884
-0.26167
-0.21087
-0.19188
-0.17031
-0.12874
-0.11769
-0.12489
-0.13635
-0.14266
-0.14248
-0.11418
-0.051099
-0.020921
-0.00043853
-0.00038831
-0.00078159
-0.0019886
-0.0076869
-0.0011611
-0.0094235
-0.014181
0.00035398
0.011602
0.013762
0.010221
0.02212
0.039047
0.041526
0.050414
0.05156
0.057702
0.0578
0.056125
0.07229
0.085672
0.079358
0.068077
0.07009
0.084439
0.098431
0.10489
0.10976
0.11726
0.12673
0.12874
0.10999
0.082531
0.076576
0.083565
0.063638
0.017334
-0.018912
-0.022273
-0.026759
-0.055947
-0.080927
-0.10357
-0.12445
-0.13096
-0.1249
-0.11548
-0.11591
-0.11435
-0.092871
-0.080727
-0.082227
-0.090702
-0.10818
-0.12214
-0.12956
-0.14141
-0.11442
-0.059249
-0.044156
-0.031802
-0.015744
-0.016047
-0.01913
-0.010372
0.0040785
0.0083466
-0.0068795
-0.016273
-0.019431
-0.015578
-0.00071465
0.01588
0.038582
0.071869
0.10739
0.13784
0.14576
0.13622
0.1059
0.063371
0.058919
0.057186
0.032506
0.010646
0.0043327
0.0074794
0.0037399
-0.019948
-0.043852
-0.050832
-0.034625
-0.023492
-0.02394
0.016167
0.047849
0.020692
0.0079575
-0.00014765
0.00038342
0.028596
0.026025
0.0043207
0.011308
0.0044283
-0.0048945
-0.0083386
-0.031984
-0.041636
-0.037485
-0.051866
-0.072944
-0.08255
-0.066725
-0.05124
-0.049646
-0.059141
-0.063007
-0.047168
-0.007529
-0.019852
-0.056068
-0.028631
-0.017727
-0.0077995
0.0080443
0.010478
0.023577
0.031643
0.02001
0.001346
-0.021441
-0.012782
-0.0018371
-0.024716
-0.040975
-0.033535
-0.010591
0.0071361
0.010634
0.03491
0.047592
0.050534
0.070327
0.076443
0.059271
0.029901
0.036035
0.057998
0.051721
0.024522
0.020813
0.042758
0.051501
0.064513
0.060566
0.0437
0.030439
0.022029
0.03299
0.054699
0.066625
0.06935
0.074464
0.074716
0.079804
0.081784
0.087651
0.097702
0.10256
0.11149
0.11895
0.11195
0.096683
0.083546
0.085997
0.095102
0.085777
0.042903
0.016198
0.022767
0.0080017
-0.015352
-0.026959
-0.027597
-0.03203
-0.035014
-0.029302
-0.037963
-0.058192
-0.055018
-0.033064
4.2393e-05
0.0045813
-0.0089073
0.0029375
0.014511
0.011978
0.00079715
0.0069499
0.02199
0.025735
0.028685
0.028181
0.020079
-0.0042541
-0.02651
-0.028825
-0.041676
-0.061859
-0.086815
-0.069519
-0.045401
-0.047922
-0.035157
-0.035878
-0.025966
-0.014282
-0.0095428
-0.0017912
-0.010313
-0.044147
-0.063756
-0.073674
-0.083985
-0.083383
-0.07618
-0.073546
-0.07421
-0.07801
-0.074183
-0.03851
-0.0083476
-0.023716
-0.0092522
0.0051691
-0.0026698
-0.0011305
-0.0043282
-0.0018748
-0.00028567
-0.0058486
0.0043452
0.034287
0.050198
0.050754
0.052152
0.048336
0.037773
0.013311
0.0049016
0.0020847
-0.025337
-0.024225
-0.019516
-0.01825
-0.0093879
-0.00065905
0.020667
0.043435
0.047145
0.02746
0.024686
0.042809
0.043838
0.036256
0.0336
0.040579
0.050393
0.030035
0.0016748
0.0069491
-0.0073869
-0.025083
-0.014427
-0.016215
-0.031894
-0.04118
-0.032992
0.02081
0.023436
-0.013735
0.02127
0.050266
0.054422
0.042818
0.019711
0.024553
0.019875
-0.0014202
-0.012469
-0.014156
-0.017902
-0.036384
-0.032143
-0.025236
-0.030375
-0.023695
-0.0064881
-0.0026132
-0.0029711
0.014571
0.026851
0.022198
0.0046427
-0.0060983
0.015867
0.037992
0.03365
0.02023
-0.013785
-0.034734
-0.023575
-0.011366
0.0066724
-0.017309
-0.044583
-0.038944
-0.052567
-0.047282
-0.026165
-0.020744
-0.04004
-0.042425
-0.01426
0.012881
0.0029454
0.0016935
0.033845
0.058791
0.053699
0.046485
0.039667
0.045181
0.052426
0.0018269
-0.042562
-0.0067098
-0.026793
-0.063179
-0.058394
-0.059965
-0.054632
-0.0039854
0.04902
0.029491
0.041093
0.042533
0.014163
0.025406
0.033013
0.0043716
-0.037738
-0.057004
-0.055649
-0.050317
-0.052345
0.0050356
0.041066
0.02665
0.031102
0.029946
0.038848
0.053796
0.047901
0.008733
-0.035475
-0.040948
-0.045296
-0.060267
-0.069696
-0.052319
0.035972
0.03975
-0.049324
-0.0012023
0.055549
0.039473
-0.0042181
-0.031472
-0.027835
-0.015236
-0.010891
-0.0066577
-0.0006912
0.013286
0.0058786
-0.0042691
0.023045
0.037703
0.011118
0.0034083
0.0090408
0.015962
0.040276
0.048393
-0.010266
-0.0274
0.056239
0.022028
-0.046243
-0.039217
-0.027571
-0.038191
-0.060401
-0.060587
-0.021035
0.012193
0.024476
0.035754
0.042594
0.024741
-0.020137
-0.0078008
0.030187
0.016149
-0.023928
-0.02473
0.0082878
0.0098992
-0.00020492
0.015171
0.022418
-0.024192
-0.057513
-0.037665
-0.018391
-0.010421
-0.037277
-0.03937
0.0061371
0.051464
0.069248
0.063851
0.066867
0.073522
0.044201
-0.033712
-0.0011675
0.058475
0.028309
0.0049704
-0.038946
-0.073043
-0.040799
-0.0022401
-0.013696
-0.011431
0.0011748
-0.0038105
-0.012865
-0.020868
-0.029771
-0.0016959
0.028976
0.0033314
-0.0070243
0.0060844
0.0043616
-0.022549
-0.022653
0.0060147
0.0084686
-0.0045224
-0.034671
-0.018952
-0.008345
-0.011201
0.00098518
-0.0098594
0.0042866
0.021419
0.013416
0.0014749
-0.0076838
-0.0073408
-0.0060212
-0.017153
-0.024881
-0.020701
0.0012669
0.016344
-0.0089352
-0.0091015
0.016288
-0.0068235
-0.0077817
0.027649
0.02452
-0.0031717
-0.0043251
-0.012341
-0.014545
0.010568
0.013066
0.00078725
-0.010156
-0.015182
-0.0042351
0.0042859
0.01151
0.016486
0.017921
0.0075496
-0.019045
-0.015803
0.0086601
-0.013609
0.0044782
0.031188
0.01683
-0.0035803
-0.014545
-0.00092204
0.0094915
0.0075103
0.0032588
-0.0079367
-0.011968
0.0011452
-0.0084156
-0.02608
-0.033935
-0.026992
0.0007743
0.011534
0.0013093
0.0095822
-0.0035961
-0.0056104
0.016061
0.013241
0.0041421
0.011216
0.017324
0.0099775
0.0051725
-0.0047023
-0.0091849
-0.016404
-0.024444
-0.0053359
0.004921
-0.018354
-0.015657
-0.010284
-0.0030629
0.037468
0.035063
0.032136
0.048174
0.030663
-0.0071401
-0.012418
0.0037965
-0.010232
-0.012629
0.0095713
-0.0069014
-0.035927
-0.036467
-0.028963
-0.0076286
0.005911
-0.020234
-0.01453
-0.016855
-0.019351
0.0073969
0.033049
0.038647
0.010649
-0.0001808
0.023818
0.028611
0.037192
0.031612
0.012855
0.0063672
-0.010043
-0.016187
-0.018686
-0.036473
-0.02814
-0.0081481
-0.016001
-0.043908
-0.0083343
0.01781
0.0078779
0.002126
0.011908
0.022872
0.0071716
0.0064722
0.0203
0.011037
-0.022414
-0.021964
-0.025625
-0.036757
-0.032669
-0.018241
-0.0062996
-0.022721
-0.028412
-0.0037714
0.026188
0.029249
0.018164
0.019118
0.0044192
-0.0096635
-0.0033845
-0.0073378
-0.01155
-0.009885
-0.0053148
-0.013993
-0.0053631
0.0080886
0.02197
0.01431
-0.014996
-0.010638
0.0036071
-0.013481
-0.028986
-0.024976
-0.010985
-0.0035295
0.016521
0.038528
0.018937
-0.012022
-0.0093014
0.012351
-0.004594
-0.031669
-0.042038
-0.021567
0.060851
0.092226
0.042751
-0.010366
-0.019102
0.037889
0.064048
0.054189
0.035535
-0.0034704
-0.0032906
-0.011378
-0.0064527
0.044959
0.033882
-0.0048704
-0.0176
-0.022834
-0.027642
-0.045241
-0.058992
-0.037388
-0.019437
-0.037526
-0.037849
0.0035206
0.038192
0.0018104
0.00025371
0.050701
0.041318
-0.01676
-0.026772
0.0096496
0.0099991
0.0019701
0.0011844
-0.0072317
-0.010969
-0.018493
-0.0045504
0.0039304
0.00082043
0.0013452
-0.0002613
-0.0016379
0.0087335
0.012726
0.007146
0.0016017
0.0018711
0.0083384
0.015858
0.015553
-0.0091288
-0.017853
0.0097085
0.012397
-0.01005
-0.036623
-0.042556
-0.017802
-0.0051894
-0.028414
-0.028524
-0.01072
-0.0030327
0.0040001
-0.0047076
0.01004
0.024147
0.019272
0.023234
0.011791
0.012164
0.014034
0.014378
0.0013266
0.0015938
0.0061337
-0.0097988
-0.0055503
-0.013233
-0.015894
0.0011741
0.010099
0.0077237
0.0052327
-0.0019386
0.0042253
0.013484
0.014291
0.0014185
-0.014199
0.0028993
0.01375
-0.0010101
-0.0048623
-0.0046461
-0.0045203
-0.0027379
-0.0022191
0.0026945
0.01629
0.014056
-0.00048697
-0.007845
0.012583
0.010033
-0.018261
-0.01513
-0.0068346
-0.0081252
-0.012964
-0.014241
-0.014724
-0.017986
-0.01089
0.005887
0.0007539
-0.0052088
-0.0031544
-0.0087999
-0.0023013
0.0086115
0.015906
0.017845
0.010428
0.0064724
0.017948
0.014643
0.001714
0.0025388
0.0064768
0.00092432
0.00064542
0.0081477
-0.0021616
-0.0045059
0.0012967
0.0016515
0.0029932
0.0068782
0.0053616
0.0021479
-0.0059431
-0.0039586
-0.003011
-0.010309
-0.010881
-0.010482
-0.0044989
-0.0019805
0.0068913
0.014856
0.016757
0.024534
0.019954
0.010717
0.009277
0.0066346
-0.0066867
-0.017652
-0.023832
-0.016322
-0.0096323
-0.013809
-0.013468
-0.0090038
-0.0076508
-0.0010719
0.010054
0.015599
0.0095798
-0.0014862
0.0070299
0.0088631
0.0075573
0.0091291
0.0067758
-0.0041772
-0.0056554
-0.010485
-0.01849
-0.023928
-0.01841
0.010772
0.0092865
-0.012293
-0.0032802
0.0013296
0.0096434
0.009376
0.0048263
0.0021221
-0.0057524
0.0076545
0.002557
-0.0084147
-0.0066818
-0.002372
0.00017075
-0.0058971
0.00069185
0.0076044
-0.0073626
-0.0097398
0.0063902
0.01326
-0.0014002
0.0032214
0.021943
0.0049448
-0.011212
0.0038965
0.0085038
-0.0048519
-0.0029806
0.0036637
0.0088332
0.007148
0.007148
0.0020399
-0.0090973
-0.0022126
0.0047067
-0.0059886
-0.011983
-0.018452
-0.012972
-0.003357
0.0017929
0.007635
0.009639
0.0061463
0.0060722
0.013901
0.014696
0.00095118
-0.0075331
-0.0058879
-2.2872e-05
0.003881
-0.0037853
-0.002842
0.0029045
0.0017314
0.00012995
-0.005706
-0.0095749
-0.0045403
0.0042464
0.0067598
0.0095526
0.0075517
-0.0066153
-0.013743
-0.007311
0.0048903
0.014789
0.0012094
-0.0095386
-0.0009116
-0.0019393
0.0071806
0.0066851
-0.00068514
-0.009153
-0.020693
-0.017141
-0.00030833
0.002608
0.0042
-0.0073462
-0.0051856
0.014084
-0.0070837
-0.022561
0.0040613
0.005913
-0.010809
-0.015782
-0.0060024
0.016628
0.023551
0.018511
0.010418
0.0078213
0.017987
0.020292
0.0031083
0.0045407
0.0061856
-0.0039016
-0.013285
-0.0067337
0.012298
0.010716
-0.0038344
0.0064211
0.0086596
-0.0054284
-0.0060125
-0.0078579
-0.013702
-0.0082127
-0.0029806
-0.00079215
-0.006898
-0.0040659
0.0023864
0.00052494
0.010384
0.012947
0.0090224
0.0098857
0.0089728
0.0011975
-0.017571
-0.014538
0.00040443
-0.010291
-0.017073
-0.0043484
0.0047229
0.0089173
0.00077179
-0.00080185
0.0078789
0.0058118
-0.00041165
-0.0076727
-0.011541
-0.0041094
0.0027867
0.0003745
0.0065029
0.022636
0.010398
-0.0031774
0.0050504
0.0043685
-0.0025117
0.00018141
-0.0018863
-0.0066669
0.0065675
0.011163
0.0095633
0.014324
0.015877
0.0066475
0.002497
0.005693
-0.0050374
-0.015164
-0.011472
-0.0092363
-0.013537
-0.0074011
0.0057788
0.0099449
0.0093385
0.01356
0.011648
-0.00011832
-0.0064529
0.0023059
0.0024426
-0.011102
-0.014702
-0.0059793
-0.0025064
-0.0050593
-0.0038589
-0.00872
-0.011648
-0.0038257
0.0042498
0.001805
-0.0023401
-0.00014467
-0.0071128
-0.010962
-0.0047626
-0.001744
-0.0028227
-0.0084954
-0.005768
-0.0010788
0.0020683
0.0020904
-0.002752
0.0035643
0.011768
0.0072516
-0.0012311
-0.00082081
0.0075843
0.008486
0.0062943
0.0045066
0.0020957
0.0082276
-0.00031773
-0.0040669
-0.00046683
-0.0087602
-0.0067844
-0.0060932
-0.0084442
-0.0052531
-0.0054142
0.0025971
0.01621
0.0054465
0.0029594
0.012807
0.0029964
0.0032096
0.0086787
-0.0070455
-0.0034681
-0.0035792
-0.014005
-0.0037848
-0.0039546
-0.0067276
0.0021941
0.0044595
0.0065657
0.0088909
-0.0070118
-0.0036294
-0.0030044
0.0060541
0.018627
0.0056189
0.0027129
0.0043016
0.0044752
0.0029217
-0.0015251
0.0033471
0.0056877
0.0041993
-0.00021185
-0.001385
0.0052996
0.0035384
-0.0089946
-0.0073897
0.0053814
0.0057269
-0.011837
-0.017158
-0.010092
-0.013277
-0.01631
-0.011679
-0.010024
-0.0007673
0.0093526
0.012223
0.0094333
0.0062816
0.010785
0.0051479
0.0039106
0.0015446
-0.010246
-0.015403
-0.017787
-0.0078865
0.0077629
-0.00035272
-0.0051346
0.0014664
0.0047368
0.0028622
0.0017197
0.0057327
0.0031485
0.0017483
-0.0017544
-0.010149
-0.0051558
-0.0041521
-0.0047853
-0.0022062
0.0059951
0.0038593
-0.010002
0.00073654
0.0053672
-0.0055656
-0.00021375
0.016393
0.021449
0.012569
0.0008365
-0.0012011
0.0031923
0.0030432
-0.0019519
-0.004584
-0.0087292
-0.0047577
0.0047199
-0.0017084
0.0034177
0.012416
0.011879
0.014737
0.010976
-0.0037562
0.0012539
0.017191
0.013328
0.0098795
0.0036444
0.0023169
0.0021939
-0.008026
-0.0083723
-0.0039735
-0.0066364
-0.0065854
0.002491
0.0084645
0.012258
0.01474
0.012397
0.0085363
0.0063576
-0.002744
-0.0090351
-0.00090155
-0.006708
-0.015214
-0.0036666
0.00097066
-0.00014961
0.002271
-0.004138
-0.012165
-0.0092089
-0.002115
0.010236
0.005965
-6.0115e-05
0.0032804
0.0040618
-0.0024359
-0.0045035
0.0047816
0.0012745
-0.0084603
-0.0034659
-0.00527
-0.0014751
0.0041411
-0.0066702
-0.014203
-0.01404
-0.013557
-0.0053758
0.00030951
-0.0023316
-0.005771
-0.0070032
-0.0042188
-0.00052165
-0.0011068
-0.0054775
-0.0077807
-0.0029316
-0.0019697
6.6203e-05
0.0087747
0.0061492
-0.0016897
-2.5076e-05
0.0061447
0.0056747
0.0025352
0.002786
0.0033908
0.0021794
0.0028752
0.001281
-0.0035792
-0.01096
-0.010801
-0.001935
0.00054185
0.0010237
0.0042261
0.001052
3.29e-05
0.0015069
0.0023655
0.0016985
-0.0031273
-0.0057625
0.00026203
0.0068986
0.0052366
0.00064488
0.00029229
0.0019598
-0.00021559
0.00023539
-0.0017419
-0.0020729
0.00035596
-0.00565
-0.0052599
-0.0044987
-0.0076384
-0.0055
-0.00075155
0.0059252
0.0098084
0.0061757
0.0019348
0.0063184
0.0094887
0.0068383
0.0017508
-0.00080553
-0.0045601
-0.008622
-0.0072973
-0.0093375
-0.0091817
-0.0072347
-0.0072453
0.0011187
0.0085797
0.0092035
0.0056977
0.0095335
0.012767
0.010859
0.0076807
0.003086
0.00021268
-0.0033359
0.00016034
0.0048271
0.0010506
-0.0022163
6.7566e-05
-0.0030912
-0.010836
-0.0083077
-0.0061893
-0.011476
-0.0048569
0.0080457
0.0095509
0.0048796
-0.00097688
-0.0034864
-0.0017456
-0.0055858
0.00015613
0.0090272
0.0039177
-0.0043024
-0.0016167
0.0016528
-0.0035881
-0.0022574
0.0054735
0.0029226
-0.00021411
-0.001289
-0.010895
-0.010942
-0.00012733
0.0071241
0.0066003
0.00027388
-0.00082882
-0.0016446
0.0025193
0.0086634
-0.0029728
-0.012992
-0.0076467
-0.007403
-0.0052857
-0.0023151
-0.0036028
-0.0078284
-0.0055274
-0.0037878
-0.0069995
-0.0034173
-0.0028825
-0.005428
-0.0048307
-0.00081632
0.0044649
0.0067292
0.012498
0.014895
0.011902
0.011315
0.0050124
-0.0031294
0.0046222
0.0057519
-0.0085645
-0.0081134
-0.00142
-0.0064766
-0.0045701
0.003384
-0.0047382
-0.018155
-0.012712
-0.0070649
-0.0071344
-0.0023575
-0.0037433
-0.0022735
0.0024948
0.0033538
0.0063391
0.011506
0.011588
0.0037436
-0.0013444
-0.0036461
-0.0036078
-0.0019527
-0.0086314
-0.011594
-0.0059201
-0.0087869
-0.005685
-0.0018403
-0.0022785
0.0061625
0.011076
0.011349
0.008823
-0.00019885
0.00017777
0.0075164
0.006827
0.0014775
-0.012139
-0.021004
-0.011575
-0.00063804
0.0056385
0.0090999
0.0047113
0.0031003
0.0040172
0.0034412
0.0077134
0.0083531
-0.0028548
-0.0069876
0.0012281
0.003207
0.0021126
0.0027484
-0.00078685
-0.0050635
-0.0022005
-0.0014909
0.0041906
0.0052156
-0.0043464
-0.0041723
-0.0018479
-0.0024267
-0.0020361
-0.00098916
-0.0015689
-0.00090675
0.0022482
0.0037978
0.0035959
0.0040593
-8.2591e-05
-0.0022263
-0.0024888
-0.005751
-0.0030011
0.0020765
0.00016967
-0.0023225
0.0017971
0.0023283
-0.00087941
0.0024662
0.0057807
0.0018177
-0.00035367
0.0017416
0.0041854
0.0030678
0.00092179
-0.00051376
-0.00075143
0.00028362
-0.00084097
-0.0010449
-0.00042458
-0.0013952
-0.0014878
-0.00082145
0.001644
0.0028524
-0.00061564
-0.0025562
-0.00012856
0.0019926
0.0013778
0.0027677
0.0030368
0.0023245
0.00078155
-0.00077891
-0.00042719
-0.0012834
-0.0026088
-0.0022868
-0.0026485
-0.0023169
-0.00023138
0.00052062
0.00021872
0.00045423
0.00055173
0.00013279
-0.00072622
-0.00043824
0.00049707
0.00040125
0.00072037
0.00073004
0.00056141
0.00050651
-6.6173e-05
0.00070128
0.0011032
8.5667e-05
-0.0003012
0.0002645
0.00076528
0.00052695
0.00025987
0.00049025
0.00075367
0.00086009
0.00088563
0.00080221
0.00077715
0.00060493
0.00047024
0.00061067
0.00058147
0.00057198
0.00041064
0.0002684
0.0004152
0.00039826
0.00046714
0.00056923
0.00045594
0.00038161
0.00041299
0.00045262
0.00045725
0.00041097
0.00037302
0.00033
0.00028189
0.00028117
0.00026258
0.00025169
0.00025604
0.00022852
0.00020759
0.0001952
0.00017519
0.00015871
0.00013746
0.00012119
0.00010964
9.4775e-05
8.0167e-05
6.4109e-05
4.8681e-05
3.3959e-05
1.827e-05
3.0157e-06
-1.211e-05
-2.7277e-05
-4.2168e-05
0
0
0
0
0
0
0
0
0
0
0
0
0
0
0
0
0
0
0
0
0
0
0
0
0
0
0
0
0
0
0
0
0
0
0
0
0
0
0
0
0
0
0
0
0
0
0
0
0
0
0
0
0
0
0
0
0
0
0
0
0
0
0
0
0
0
0
0
0
0
0
0
0
0
0
0
0
0
0
0
0
0
0
0
0
0
0
0
0
0
0
0
0
0
0
0
0
0
0
0
0
0
0
0
0
0
0
0
0
0
0
0
0
0
0
0
0
0
0
0
0
0
0
0
0
0
0
0
0
0
0
0
0
0
0
0
0
0
0
0
0
0
0
0
0
0
0
0
0
0
0
0
0
0
0
0
0
0
0
0
0
0
0
0
0
0
0
0
0
0
0
0
0
0
0
0
0
0
0
0
0
0
0
0
0
0
0
0
0
0
0
0
0
0
0
0
0
0
0
0
0
0
0
0
0
0
0
0
0
0
0
0
0
0
0
0
0
0
0
0
0
0
0
0
0
0
0
0
0
0
0
0
0
0
0
0
0
0
0
0
0
0
0
0
0
0
0
0
0
0
0
0
0
0
0
0
0
0
0
0
0
0
0
0
0
0
0
0
0
0
0
0
0
0
0
0
0
0
0
0
0
0
0
0
0
0
0
0
0
0
0
0
0
0
0
0
0
0
0
0
0
0
0
0
0
0
0
0
0
0
0
0
0
0
0
0
0
0
0
0
0
0
0
0
0
0
0
0
0
0
0
0
0
0
0
0
0
0
0
0
0
0
0
0
0
0
0
0
0
0
0
0
0
0
0
0
0
0
0
0
0
0
0
0
0
0
0
0
0
0
0
0
0
0
0
0
0
0
0
0
0
0
0
0
0
0
0
0
0
0
0
0
0
0
0
0
0
0
0
0
0
0
0
0
0
0
0
0
0
0
0
0
0
0
0
0
0
0
0
0
0
0
0
0
0
0
0
0
0
0
0
0
0
0
0
0
0
0
0
0
0
0
0
0
0
0
0
0
0
0
0
0
0
0
0
0
0
0
0
0
0
0
0
0
0
0
0
0
0
0
0
0
0
0
0
0
0
0
0
0
0
0
0
0
0
0
0
0
0
0
0
0
0
0
0
0
0
0
0
0
