-7.811e-06
-0.00035215
-0.0020428
-0.0030887
0.0022922
0.003749
-0.0064356
-0.0018573
0.0069638
0.0035528
0.0011586
0.0016601
0.003695
0.0023486
-0.0083998
-0.006723
0.0089856
0.0039377
-0.01463
0.0073095
0.018015
-0.0017109
-0.0065494
-3.936e-05
-2.0345e-05
0.004544
0.015213
0.0038336
-0.0069691
0.0026016
-0.0012825
-0.009486
0.003569
-0.00062721
-0.0089017
0.0018847
0.011329
0.004622
0.013359
-0.0027538
-0.019498
0.0050227
-0.012336
-0.013008
0.031225
0.019789
0.00074388
-0.0032877
-0.0063433
-0.0043115
-0.015405
-0.0047028
0.0091794
0.0024774
0.00098795
-0.0015946
-0.0020459
-0.01231
-0.0063832
-0.002745
-0.0056702
0.0092965
0.010098
-0.0062217
-0.021349
-0.015019
-0.0011748
0.0040718
0.0083764
0.0084607
-0.01838
-0.037752
-0.014443
0.0029166
-0.0027468
0.0039773
-0.001797
-0.025232
-0.00039228
0.023907
0.007492
0.011303
0.0084522
-0.019655
-0.0030615
0.025893
0.018044
0.004124
0.0016738
0.013453
0.013928
-0.0089953
-0.0075544
-0.0017376
0.0016782
0.020603
0.01988
0.014301
-0.00032388
0.0023659
0.035551
0.010121
-0.017819
0.011433
0.030243
0.012989
-0.016471
-0.027318
-0.0040648
-0.010427
-0.013932
0.0096364
-0.020749
-0.024634
0.0078624
0.0014187
-0.0005333
0.0033065
0.0046826
-0.0044839
-0.013969
0.016289
0.0077698
-0.025722
0.0081106
0.018028
-0.0027751
-0.01627
-0.027957
-0.022642
-0.0038258
0.019937
0.0032035
-0.014071
0.014502
0.016563
-0.013936
-0.00093752
0.02425
0.011367
-0.0086836
-0.0089251
-0.0041593
-0.011372
-0.0076692
0.015834
0.015231
-0.015912
-0.0084291
0.023524
0.0076982
-0.019567
0.0023774
0.041405
0.026084
-0.021901
-0.0049589
0.029697
0.0005926
-0.019895
0.0023987
-0.0061998
-0.025243
-0.0024062
0.00096173
-0.0091739
0.014243
0.0088848
-0.006012
0.011436
0.0091859
-0.0010289
0.0039215
-0.0048036
-0.01602
-0.0055793
0.017889
0.025712
-0.010659
-0.01749
-0.0021227
-0.017892
-0.0063586
0.013911
0.002286
0.004919
0.0022913
-0.013632
0.0018121
-0.0023659
-0.033802
-0.032553
-0.0016199
-0.004887
-0.016098
-0.027756
-0.024944
-0.0071743
-0.0068858
-0.018363
-0.0012814
0.015051
0.027715
0.030617
0.0073542
-0.012765
-0.028607
-0.0052106
0.027377
-0.019166
-0.019957
0.039305
0.039938
0.014219
-0.0073922
-0.0084565
0.024477
0.028742
0.00055309
0.0078016
0.020348
-0.013599
-0.033115
0.0026168
0.027481
0.016114
-0.01247
-0.014416
0.005208
0.008772
0.025489
0.032157
0.02617
0.0032124
0.031964
0.04679
-0.010991
-0.0062033
0.02757
-0.0059315
-0.038262
0.0059648
0.022194
-0.032125
-0.019116
0.0076898
-0.042946
-0.018321
0.023836
-0.0074881
-0.0079998
0.041955
0.038148
-0.0064515
-0.014396
-0.013595
-0.012552
-0.017186
-0.0075609
-0.026005
-0.055236
-0.013765
0.042444
0.0098322
-0.013337
-0.0048525
0.032878
0.076785
0.030055
0.0080041
0.029097
0.022008
-0.0073353
-0.026225
-0.0387
-0.030802
0.014225
-0.006372
-0.051456
0.022414
0.072843
0.022286
-0.034555
-0.047217
-0.023362
-0.01889
-0.0034699
-0.027375
-0.050898
0.031185
0.053466
-0.01986
-0.026093
-0.022918
-0.038028
-0.0091927
0.007043
-0.0032512
-0.073088
-0.036823
0.0053366
-0.015904
0.065729
0.065359
0.013979
0.008347
-0.020397
0.026904
0.096114
0.07551
-0.013423
-0.044935
-0.013048
0.013816
0.030391
-0.033656
-0.050552
0.044169
0.065367
0.012944
-0.027399
-0.031757
-0.022595
-0.059645
-0.070609
-0.066837
-0.09757
-0.037751
0.00083835
-0.027905
-0.027721
-0.058686
-0.069131
-0.012865
0.0072932
0.013336
-0.0066548
-0.035307
-0.034889
-0.038451
0.0019707
0.023394
-0.026524
0.0053485
0.067266
-0.027542
-0.042909
0.072888
0.010214
-0.10106
-0.10172
-0.12313
-0.12502
-0.097365
-0.12183
-0.065472
0.058132
0.1455
0.14125
0.12977
0.10924
0.026252
0.025615
0.06993
0.04315
-0.017935
-0.13993
-0.21919
-0.18853
-0.0073575
0.10745
0.078054
0.17862
0.17692
-0.0090977
-0.032828
0.030441
-0.0058533
-0.13282
-0.19259
-0.18657
-0.17629
-0.18408
-0.22112
-0.16022
0.021779
0.073355
0.091096
0.13064
0.080151
0.083898
0.20277
0.26083
0.21281
0.22192
0.26776
0.15292
0.03569
0.1254
0.11714
-0.0065376
-0.079874
-0.13552
-0.30381
-0.40555
-0.17163
0.058431
0.029156
0.10621
0.22991
0.25127
0.22152
0.074327
-0.016219
-0.068628
-0.044893
0.032496
-0.050631
-0.057913
0.0096675
-0.050973
-0.10424
-0.056114
-0.031569
-0.10206
-0.043898
0.087394
0.081774
0.095896
0.14197
0.10506
0.10947
0.091786
0.10876
0.23814
0.29237
0.15499
0.0056087
-0.015826
-0.011657
0.00021632
-0.015437
-0.041727
-0.022848
-0.012614
0.036863
0.13994
0.14304
0.1229
0.18047
0.24603
0.19739
0.029129
-0.061518
-0.090494
-0.17765
-0.21064
-0.14116
-0.070218
-0.04166
-0.02372
-0.038204
-0.075291
-0.026269
0.0017909
-0.010784
-0.0050833
-0.0086481
-0.038085
-0.020156
0.034095
0.0010122
-0.033854
-0.036916
-0.094471
-0.10579
-0.087462
-0.14454
-0.18172
-0.14546
-0.15573
-0.13698
-0.017983
0.011879
0.032785
0.056825
0.067098
0.031482
-0.037539
0.010153
0.0087938
-0.042475
-0.030405
-0.033981
-0.068671
-0.05646
0.00036125
0.031481
0.006683
-0.060447
-0.083873
-0.030709
0.0045704
0.029409
0.014085
-0.04588
-0.027377
-0.0066146
-0.035885
-0.019376
0.0051037
-0.013539
-0.034344
-0.012178
0.00044361
-0.028727
0.024807
0.090139
0.08595
0.033743
-0.0060854
0.0090755
0.015764
0.011929
0.0075061
-0.0065756
-0.031222
-0.035406
-0.0060152
0.02019
0.017137
-0.00893
-0.0012064
0.012615
0.015732
-0.0039192
-0.017294
0.01218
0.062668
0.10852
0.077927
0.037879
0.0065662
-0.029157
-0.034901
0.0050824
0.020907
0.013018
0.016502
0.057292
0.10265
0.078811
0.05674
0.0080968
-0.060253
-0.094583
-0.088547
-0.061191
-0.10172
-0.09908
-0.040951
-0.013552
-0.0041135
-0.028428
-0.049153
-0.039562
-0.016366
0.017807
0.015646
-0.0042664
-0.016561
-0.0051262
-0.02174
-0.095422
-0.10602
-0.028938
0.02476
0.048059
0.034882
-0.017613
-0.016045
0.014441
0.045716
0.018422
0.036608
0.050485
0.014754
-0.016808
-0.025478
0.004683
-0.059338
-0.1377
-0.097054
-0.060419
-0.029815
-0.029992
-0.0068635
0.0267
-0.01977
-0.0089224
0.078275
0.040879
0.0092955
0.013327
0.026828
0.057844
0.013203
-0.053362
-0.048635
0.030098
0.092197
0.046771
0.0050949
0.017313
0.02505
0.055743
0.057427
-0.0019053
-0.044054
-0.029701
0.028948
0.06415
0.020615
0.0097722
0.0084628
-0.0080857
0.0037456
-0.01362
-0.0054209
0.039266
0.072161
0.065296
0.020956
-0.079242
-0.12377
0.01252
0.15914
0.12373
0.017125
-0.0073294
0.060892
0.068899
-0.015855
0.025751
0.11054
0.086169
0.022326
-0.017157
0.07686
0.11009
-0.090349
-0.079121
0.20085
0.16014
0.0048453
-0.015155
-0.064922
-0.11824
-0.14609
-0.091254
0.039119
0.045037
-0.067023
-0.062565
-0.029016
-0.057249
0.01802
0.096219
-0.02291
-0.11187
-0.080563
-0.090175
-0.1267
-0.056666
0.040085
0.024917
-0.043084
-0.10278
-0.059305
-0.0263
-0.057647
-0.041656
0.036084
0.096321
-0.018087
-0.13736
-0.079024
-0.0736
-0.072819
-0.059339
-0.089445
-0.082926
-0.079957
-0.057427
-0.036766
-0.026246
0.00047395
0.023195
0.075105
0.11023
0.03899
-0.013732
0.057776
0.070905
-0.011907
-0.057277
-0.023605
0.050684
0.018472
-0.082315
-0.031516
0.051836
0.021919
0.07209
0.10008
0.043706
0.046575
0.044812
0.03426
0.051828
0.074371
0.11143
0.16747
0.16455
0.13861
0.11329
0.042374
0.02044
0.044359
0.022323
-0.0018871
0.024111
0.027451
0.03864
0.04521
0.071947
0.11945
0.050351
-0.021453
-0.021506
-0.0027917
-0.0035184
-0.026969
-0.035375
-0.022134
-0.015726
0.0065429
0.0091633
-0.032759
-0.043605
-0.031631
-0.039083
-0.05417
-0.074118
-0.06944
-0.052751
-0.044841
-0.022407
-0.00020324
-0.0081985
-0.043746
-0.079265
-0.094568
-0.1058
-0.12027
-0.11067
-0.097317
-0.089822
-0.068911
-0.049234
-0.038246
-0.026573
-0.038996
-0.052494
-0.038871
-0.022737
-0.013729
-0.0034387
0.010707
0.018802
0.040137
0.070486
0.064334
0.043217
0.041178
0.052771
0.070213
0.080326
0.059786
0.046877
0.051204
0.02785
0.018312
0.050974
0.065297
0.051149
0.047298
0.052312
0.032729
-0.0032618
-0.022112
-0.027652
-0.016618
0.010295
0.036123
0.046062
0.048911
0.037143
0.00034778
-0.015201
0.00086889
0.0022472
-0.012859
-0.026048
-0.021775
-0.00039694
0.01397
0.0017777
-0.013324
0.0020749
0.016808
0.007929
0.0030027
0.0015262
0.0020293
0.0052325
-0.0039297
-0.012047
0.00066324
0.019286
0.028028
0.035132
0.023812
0.014675
0.016816
0.0049678
-0.00078772
-0.00066023
-0.0044965
-0.0023075
0.0022313
-0.010181
-0.014753
-0.010635
-0.017262
-0.034358
-0.051346
-0.048652
-0.051205
-0.055949
-0.040414
-0.032837
-0.040694
-0.049743
-0.045024
-0.029407
-0.022012
-0.014103
-0.015067
-0.028226
-0.018177
-0.0042486
-0.010503
-0.02584
-0.04278
-0.05174
-0.043625
-0.037384
-0.04488
-0.049326
-0.053198
-0.050921
-0.030171
-0.003434
0.023033
0.017719
-0.0057404
0.0059153
0.025871
0.03264
0.047753
0.05835
0.055117
0.058669
0.067943
0.077606
0.077713
0.064622
0.058255
0.060309
0.063853
0.052318
0.031222
0.031511
0.03683
0.031105
0.023623
0.023864
0.022212
0.019214
0.026506
0.024316
0.011425
0.00032276
0.0014216
0.0021273
-0.010799
-0.018148
-0.023464
-0.033182
-0.035949
-0.033622
-0.038069
-0.042824
-0.033297
-0.017917
-0.011424
-0.010669
-0.012344
-0.018428
-0.024781
-0.028484
-0.026124
-0.028511
-0.027259
-0.017654
-0.011327
-0.0027013
-0.0017749
-0.0082547
-0.0037356
0.0024564
0.0037191
0.010043
0.0093108
0.0076743
0.0049976
-0.0071885
-0.0056617
0.0026345
0.0059364
0.003528
-0.0035511
-0.010725
-0.011144
-0.002846
0.0018197
-0.0023644
-0.012959
-0.020424
-0.012216
-3.3604e-05
-0.0037768
-0.012732
-0.0095811
-0.0028073
-0.0008909
0.0027549
0.0074136
0.004638
0.0033332
0.0045559
0.0027808
0.0048932
0.0038139
-0.00074296
-0.0019151
0.00049449
0.00023148
-0.00041744
0.00072889
0.00023279
0.001374
0.0042793
0.0045674
0.0048321
0.0058165
0.0064837
0.0069425
0.0067426
0.0066627
0.0061757
0.0054252
0.0049175
0.003692
0.0029024
0.0031846
0.0034445
0.00315
0.0028098
0.0020541
0.0013345
0.0010486
0.00051949
-4.2303e-05
-0.00029928
-0.00043752
-0.00055166
-0.00053798
-0.00046298
0
0
0
0
0
0
0
0
0
0
0
0
0
0
0
0
0
0
0
0
0
0
0
0
0
0
0
0
0
0
0
0
0
0
0
0
0
0
0
0
0
0
0
0
0
0
0
0
0
0
0
0
0
0
0
0
0
0
0
0
0
0
0
0
0
0
0
0
0
0
0
0
0
0
0
0
0
0
0
0
0
0
0
0
0
0
0
0
0
0
0
0
0
0
0
0
0
0
0
0
0
0
0
0
0
0
0
0
0
0
0
0
0
0
0
0
0
0
0
0
0
0
0
0
0
0
0
0
0
0
0
0
0
0
0
0
0
0
0
0
0
0
0
0
0
0
0
0
0
0
0
0
0
0
0
0
0
0
0
0
0
0
0
0
0
0
0
0
0
0
0
0
0
0
0
0
0
0
0
0
0
0
0
0
0
0
0
0
0
0
0
0
0
0
0
0
0
0
0
0
0
0
0
0
0
0
0
0
0
0
0
0
0
0
0
0
0
0
0
0
0
0
0
0
0
0
0
0
0
0
0
0
0
0
0
0
0
0
0
0
0
0
0
0
0
0
0
0
0
0
0
0
0
0
0
0
0
0
0
0
0
0
0
0
0
0
0
0
0
0
0
0
0
0
0
0
0
0
0
0
0
0
0
0
0
0
0
0
0
0
0
0
0
0
0
0
0
0
0
0
0
0
0
0
0
0
0
0
0
0
0
0
0
0
0
0
0
0
0
0
0
0
0
0
0
0
0
0
0
0
0
0
0
0
0
0
0
0
0
0
0
0
0
0
0
0
0
0
0
0
0
0
0
0
0
0
0
0
0
0
0
0
0
0
0
0
0
0
0
0
0
0
0
0
0
0
0
0
0
0
0
0
0
0
0
0
0
0
0
0
0
0
0
0
0
0
0
0
0
0
0
0
0
0
0
0
0
0
0
0
0
0
0
0
0
0
0
0
0
0
0
0
0
0
0
0
0
0
0
0
0
0
0
0
0
0
0
0
0
0
0
0
0
0
0
0
0
0
0
0
0
0
0
0
0
0
0
0
0
0
0
0
0
0
0
0
0
0
0
0
0
0
0
0
0
0
0
0
0
0
0
0
0
0
0
0
0
0
0
0
0
0
0
0
0
0
0
0
0
0
