9.6501e-06
0.00051924
0.0032725
0.0046402
0.00040575
-7.2669e-05
0.0024547
0.0031663
-0.0019062
-0.006441
-0.0052991
-0.0024758
0.0024054
0.0058319
0.0045033
-0.0048015
-0.0023841
0.0015046
0.0021991
-0.0015797
-0.0047902
0.0031035
-0.00022761
-0.003828
-0.0078739
0.0014475
0.0061292
-0.0066661
0.0026423
0.0051808
0.0047545
-0.00072223
-0.0041136
0.015763
0.0029184
0.00070881
0.0054958
0.00015107
0.016715
0.00070131
-0.01677
-0.010822
0.0054681
0.01343
-0.024832
-0.00060058
0.017811
-0.018794
-0.019786
-0.0059835
0.0057974
-0.013055
-0.011897
0.0015964
0.0049967
0.030327
0.006208
-0.024873
0.0059596
0.015225
-0.021962
-0.029679
-0.0040017
0.012649
0.0088937
-0.0086997
0.011155
0.00036542
-0.019754
0.020326
0.017068
-0.0093544
0.0074342
0.033615
0.0041103
-0.02554
0.0037855
-0.0032726
0.0031797
0.024547
-0.0010339
-0.014301
0.01711
0.02436
-0.019073
-0.029071
0.0073792
0.027792
0.0059139
-0.014775
0.0038987
0.017821
-0.002914
-0.016278
-0.016653
-0.006788
-0.028195
-0.031859
0.0028239
-0.01132
0.0042527
0.0090011
-0.020199
0.005836
0.0073229
-0.0031993
0.011849
0.0086057
-0.024122
-0.011519
0.02355
0.013937
0.011905
0.025293
0.043272
0.020965
-0.0051437
0.017415
0.033334
0.0060737
0.003201
0.055555
0.053188
0.051298
0.04992
-0.046074
-0.055742
-0.0020082
-0.11345
-0.25147
-0.19785
-0.11813
-0.14402
-0.15002
-0.10594
-0.13609
-0.17092
-0.087553
0.02141
0.082224
0.071918
0.096507
0.22322
0.25978
0.11021
-0.1122
-0.20748
-0.12688
-0.090707
-0.056657
0.074732
0.16664
0.12266
-0.027037
-0.015598
0.1714
0.11597
-0.1067
-0.16187
-0.15891
-0.20484
-0.011717
0.3744
0.41986
0.16458
0.082921
0.27646
0.34391
0.19005
0.10533
0.11057
0.12396
0.11097
0.03911
-0.034803
-0.039468
-0.040951
-0.15982
-0.27435
-0.20662
-0.14944
-0.18291
-0.04078
0.19815
0.1628
0.019453
0.052289
0.097509
0.13222
0.092684
-0.08316
-0.15952
-0.16086
-0.1444
-0.044852
0.015405
-0.096965
-0.043616
0.21191
0.16764
-0.06665
-0.19216
-0.21286
-0.18234
-0.08992
-0.06438
-0.16134
-0.14487
-0.065062
-0.0072954
0.014461
-0.039005
-0.015545
0.021015
0.015811
0.0012769
-0.069446
-0.085461
-0.0099143
0.0094941
-0.027832
-0.013854
-0.027425
-0.11312
-0.15426
-0.14913
-0.13802
-0.10924
-0.081624
-0.050499
0.047981
0.1492
0.11101
0.016232
0.0049098
0.10034
0.21267
0.20878
0.13883
0.078626
0.045021
0.063758
0.11124
0.15692
0.15638
0.15421
0.18235
0.13463
0.039619
0.0060055
-0.029667
-0.041894
0.029875
0.11673
0.15989
0.17133
0.17627
0.19732
0.19811
0.12859
0.071761
-0.0090008
-0.055911
-0.024487
0.0036735
0.033833
-0.0016217
-0.00076534
0.077887
0.10616
0.090434
0.043067
0.045656
0.05488
-0.022426
-0.038477
0.0081213
-0.0071755
-0.084544
-0.13431
-0.12426
-0.17119
-0.2605
-0.30151
-0.32893
-0.36055
-0.34851
-0.32214
-0.2878
-0.20934
-0.15001
-0.070395
0.029372
0.030119
0.11782
0.25781
0.22735
0.1255
0.059076
0.061476
0.1548
0.1981
0.15969
0.11652
0.030708
-0.059083
-0.065512
-0.067992
-0.13468
-0.14229
-0.074011
0.020078
0.05867
0.042514
0.085075
0.067535
0.016133
0.032799
0.020949
0.0078004
-0.010966
-0.0082917
0.051317
0.055185
0.045089
0.052355
0.073321
0.072714
-0.01621
-0.07471
-0.065406
-0.03431
-0.029044
-0.055432
-0.045803
0.0056794
0.044975
-0.028798
-0.11335
-0.12824
-0.13136
-0.087506
-0.1148
-0.17374
-0.13092
-0.069229
0.017041
0.044554
-0.036358
-0.097013
-0.076027
0.077682
0.14009
-0.035784
-0.19478
-0.12496
0.063601
0.10434
-0.013378
-0.11028
-0.032856
0.13091
0.10681
0.041678
0.058524
0.020928
0.033947
0.072662
0.022983
0.028266
0.041936
-0.0026951
0.017923
0.047983
0.016428
0.03068
0.06816
0.10613
0.13922
0.12041
0.12202
0.13116
0.078699
0.0026466
-0.043867
-0.06776
-0.050343
-0.031449
-0.063437
-0.037059
-0.010472
-0.064223
-0.068915
-0.035798
-0.077234
-0.10417
-0.09176
-0.094665
-0.061597
-0.040875
-0.027106
0.0078661
0.0040756
0.027712
0.03666
-0.01748
-0.010217
0.038209
0.025971
0.011628
0.075853
0.12434
0.12192
0.14903
0.17951
0.15463
0.09149
0.034316
0.033718
0.050502
-0.0074243
-0.067361
-0.0011287
0.093801
0.010747
-0.13077
-0.12142
-0.030963
-0.0024201
-0.044913
0.028192
0.044671
-0.099242
-0.080227
-0.065098
-0.11006
-0.013142
0.052705
0.013763
-0.023689
-0.094644
-0.14572
-0.092169
0.0083462
0.059841
-0.08227
-0.17562
-0.0057217
-0.015742
-0.16113
-0.14904
-0.13153
-0.056057
0.011289
-0.13233
-0.18289
-0.0042853
0.052961
0.0036197
0.033683
0.030186
-0.022048
0.049321
0.089196
-0.008895
0.017162
0.083136
0.069287
0.036924
0.0088886
0.038173
0.067486
0.075737
0.062451
0.053366
0.10292
0.13845
0.14154
0.11951
0.036878
0.0052868
0.069406
0.075588
0.027837
0.018613
0.023664
0.032315
0.023279
0.019433
0.075017
0.031313
-0.061171
-0.023927
-0.012404
-0.022324
0.038013
0.058622
0.012664
-0.05094
-0.073013
-0.031546
-0.0075287
-0.034618
-0.022451
0.014641
0.0095592
0.010135
0.0062458
-0.0053833
0.016458
0.035214
0.040106
0.042136
0.037059
0.013808
-0.027697
-0.030497
0.0054807
0.029393
0.0353
0.019169
0.01322
0.038516
0.015624
-0.053041
-0.083374
-0.074257
-0.056542
-0.053457
-0.06054
-0.053958
-0.047219
-0.048578
-0.033589
0.0016288
0.034429
0.042467
0.01177
-0.023557
-0.0024569
0.036626
0.028096
0.010502
0.0045336
-0.01193
0.0020717
0.049859
0.058325
0.023137
0.0071107
0.01482
0.022836
0.022185
0.015815
0.017323
0.026883
0.026839
0.024615
0.036103
0.023845
0.0024272
0.002779
-0.011195
-0.032016
-0.023639
-0.0013204
0.0029032
0.0027853
0.027522
0.049712
0.040851
0.0239
-0.0035611
-0.036693
-0.040592
-0.037839
-0.051681
-0.068854
-0.064823
-0.049142
-0.063297
-0.10532
-0.13536
-0.13718
-0.12575
-0.097381
-0.050001
-0.0083538
0.026575
0.060468
0.091666
0.10125
0.065464
0.021235
0.013655
0.034327
0.035663
0.015139
0.0072625
0.012287
0.0072818
-0.0051644
-0.0058134
-0.0015448
0.0036939
0.01012
0.0092989
0.0040844
-0.011729
-0.019682
-0.028673
-0.062137
-0.069025
-0.038915
-0.011566
-0.0080084
-0.01279
-0.014562
-0.015131
-0.0095295
-0.0085516
0.00042616
0.007483
-0.0091535
-0.0095163
0.0052172
0.016964
0.0010531
-0.039745
-0.046487
-0.030198
-0.017162
0.01627
0.050456
0.054982
0.039819
0.023716
0.026158
0.040877
0.052646
0.050988
0.038745
0.025744
0.022297
0.040834
0.054982
0.036506
0.011987
0.0031498
-0.0057983
-0.02105
-0.032451
-0.03005
-0.016727
-0.01973
-0.046655
-0.05693
-0.04518
-0.044136
-0.04265
-0.044429
-0.05451
-0.039117
-0.005549
0.01585
0.018833
0.025121
0.042752
0.036513
0.013958
0.00082224
-0.018367
-0.027705
-0.018463
-0.01336
-0.01031
-0.010943
-0.023032
-0.019608
0.0058288
0.022289
0.024658
0.016341
0.017142
0.013877
-0.011837
-0.016468
-0.006485
-0.011568
-0.0044481
0.002746
-0.0062656
-0.0046682
0.011754
0.027673
0.031704
0.044191
0.069327
0.071739
0.072142
0.070763
0.04495
0.033391
0.037107
0.038231
0.039138
0.040972
0.051803
0.056599
0.056237
0.05019
0.03356
0.019224
-0.0014612
-0.010658
-0.0014314
0.00025841
0.00085664
0.0072946
0.0019935
-0.011873
-0.017525
-0.019109
-0.027305
-0.030758
-0.028002
-0.039884
-0.064205
-0.069271
-0.055848
-0.044545
-0.03543
-0.020809
-0.00038754
0.014041
0.0068865
0.000637
0.018317
0.034519
0.025613
0.00012802
-0.017109
-0.014515
0.003528
0.021215
0.02386
0.014703
0.0073123
0.012509
0.029954
0.029284
0.0077549
-0.0021955
0.0012011
0.0044392
-0.0046768
-0.020358
-0.022277
-0.024639
-0.028641
-0.020351
-0.017245
-0.015908
-0.013144
-0.020304
-0.030379
-0.019501
0.012961
0.023158
0.0078477
0.008258
0.011082
0.0031878
0.0022099
-0.0015362
-0.0090153
-0.0020177
0.013192
0.024991
0.023097
0.022482
0.030016
0.023599
0.0081149
-0.0044542
-0.0024107
0.0096907
0.0079014
-9.6391e-06
-0.010614
-0.026789
-0.03896
-0.057363
-0.069876
-0.063067
-0.04706
-0.043998
-0.053932
-0.048745
-0.033215
-0.027743
-0.032879
-0.028844
-0.0069796
0.011226
0.018713
0.022056
0.027635
0.031616
0.029499
0.029419
0.030807
0.02917
0.021921
0.017943
0.017143
0.010257
0.01124
0.018475
0.012409
0.0063931
0.0084147
0.0062157
0.0010577
-0.0093605
-0.019965
-0.024462
-0.029114
-0.037556
-0.042865
-0.038914
-0.032383
-0.020081
-0.0085965
-0.0059593
0.0040708
0.010651
0.0081755
0.0090023
0.016949
0.028177
0.033711
0.030043
0.023312
0.017923
0.013066
0.0071174
0.0058672
0.0070609
0.0073562
0.003643
-0.0069767
-0.020163
-0.032735
-0.031508
-0.020214
-0.014728
-0.013392
-0.011517
-0.0034137
0.0046392
0.0099442
0.02059
0.022176
0.020879
0.022649
0.019108
0.0086599
-0.002004
-0.0051364
-0.008821
-0.013904
-0.018248
-0.024648
-0.023851
-0.016026
-0.0081557
0.0018648
0.0098398
0.0011071
-0.010125
-0.00036814
0.013867
0.010631
0.010722
0.012287
0.0077018
0.01575
0.013075
-0.0039932
-0.0071972
-0.011626
-0.014268
-0.010439
-0.013725
-0.015442
-0.024037
-0.045134
-0.065314
-0.072324
-0.05281
-0.010265
0.015221
0.002132
-0.0045435
0.019128
0.01709
0.0034788
0.0099677
0.0035394
0.0011226
0.011954
0.022867
0.021599
0.0028421
-0.0042234
0.0081075
0.01687
0.0079904
0.0022713
0.008829
0.0029949
0.0021497
0.0050689
0.00026044
-0.00053261
-0.00094271
0.0024204
0.010908
0.014079
0.016779
0.023116
0.021197
0.010679
-0.0086736
-0.015241
-0.0022155
0.0088084
0.011682
0.010961
0.0088659
0.010333
0.01513
0.013438
0.01074
0.018855
0.021876
0.018862
0.01692
0.01505
0.012037
0.008238
0.015184
0.015162
-0.00018381
-0.0072346
-0.0054624
-0.0049772
-0.012819
-0.015432
-0.0028243
-0.0051188
-0.013806
-0.0045985
0.0055615
0.00059603
0.0045239
0.023045
0.019366
0.0063566
0.013126
0.024722
0.020808
0.004378
-0.0063865
-0.0072864
-0.0057751
-0.0047145
-0.0057628
-0.0049536
-4.2529e-05
0.0096157
0.02109
0.016384
0.0048723
0.0045391
-0.0023311
-0.0041672
0.014507
0.027099
0.025677
0.023135
0.015372
-0.0026776
-0.015639
-0.00028843
0.019624
0.010752
0.0066177
0.019416
0.0073704
-0.019547
-0.033801
-0.03754
-0.026314
-0.017401
-0.018015
-0.010268
-0.0032753
-0.011677
-0.015279
-0.015317
-0.019632
-0.018851
-0.019178
-0.020562
-0.015473
-0.0094008
-0.012293
-0.0095762
-0.0049223
-0.0071398
0.0001459
0.0078592
0.0088619
0.006015
0.0037557
0.0087231
0.0038127
-0.0044016
-0.0003142
0.00079688
-0.0034657
-0.0022724
-0.0032574
-0.013797
-0.017713
-0.0099049
-0.0073416
-0.010191
-0.011175
-0.012481
-0.015473
-0.016072
-0.016697
-0.01616
-0.014848
-0.015751
-0.014741
-0.0097809
0.0007442
0.0084067
0.01007
0.013406
0.013795
0.0092645
0.0069092
0.0076361
0.0095826
0.010062
0.010516
0.0099394
0.0081283
0.0098804
0.011793
0.01022
0.0092776
0.0086717
0.0084029
0.0086205
0.008038
0.0061324
0.0050748
0.0054004
0.0045547
0.0039055
0.0036751
0.0027299
0.0020243
0.0018755
0.00089791
-0.00074342
-0.0014917
-0.0015159
-0.001664
-0.0019
-0.0022789
-0.0023332
-0.002158
-0.0020461
-0.0019653
-0.0020423
-0.0020676
-0.0019454
-0.0017843
-0.001517
-0.0012505
-0.001072
-0.00090704
-0.00074679
0
0
0
0
0
0
0
0
0
0
0
0
0
0
0
0
0
0
0
0
0
0
0
0
0
0
0
0
0
0
0
0
0
0
0
0
0
0
0
0
0
0
0
0
0
0
0
0
0
0
0
0
0
0
0
0
0
0
0
0
0
0
0
0
0
0
0
0
0
0
0
0
0
0
0
0
0
0
0
0
0
0
0
0
0
0
0
0
0
0
0
0
0
0
0
0
0
0
0
0
0
0
0
0
0
0
0
0
0
0
0
0
0
0
0
0
0
0
0
0
0
0
0
0
0
0
0
0
0
0
0
0
0
0
0
0
0
0
0
0
0
0
0
0
0
0
0
0
0
0
0
0
0
0
0
0
0
0
0
0
0
0
0
0
0
0
0
0
0
0
0
0
0
0
0
0
0
0
0
0
0
0
0
0
0
0
0
0
0
0
0
0
0
0
0
0
0
0
0
0
0
0
0
0
0
0
0
0
0
0
0
0
0
0
0
0
0
0
0
0
0
0
0
0
0
0
0
0
0
0
0
0
0
0
0
0
0
0
0
0
0
0
0
0
0
0
0
0
0
0
0
0
0
0
0
0
0
0
0
0
0
0
0
0
0
0
0
0
0
0
0
0
0
0
0
0
0
0
0
0
0
0
0
0
0
0
0
0
0
0
0
0
0
0
0
0
0
0
0
0
0
0
0
0
0
0
0
0
0
0
0
0
0
0
0
0
0
0
0
0
0
0
0
0
0
0
0
0
0
0
0
0
0
0
0
0
0
0
0
0
0
0
0
0
0
0
0
0
0
0
0
0
0
0
0
0
0
0
0
0
0
0
0
0
0
0
0
0
0
0
0
0
0
0
0
0
0
0
0
0
0
0
0
0
0
0
0
0
0
0
0
0
0
0
0
0
0
0
0
0
0
0
0
0
0
0
0
0
0
0
0
0
0
0
0
0
0
0
0
0
0
0
0
0
0
0
0
0
0
0
0
0
0
0
0
0
0
0
0
0
0
0
0
0
0
0
0
0
0
0
0
0
0
0
0
0
0
0
0
0
0
0
0
0
0
0
0
0
0
0
0
0
0
0
0
0
0
0
0
0
0
0
0
0
0
0
0
0
0
0
0
0
0
0
0
0
0
0
0
0
