-0.00082955
0.0017233
0.0014402
-0.0021985
-0.0014159
-0.0011189
0.00035436
-0.0013503
-0.0010325
-0.00091596
-0.0013334
8.8281e-05
-0.0047129
0.0030948
0.0011655
0.0012458
0.0017877
-0.0030321
-0.00028958
-0.0028799
-0.004335
-0.0036426
0.0058415
-0.0053048
-0.0086675
0.00023909
-0.0093177
0.00011005
0.0030596
-0.0022179
0.00034122
0.0027867
-0.013039
-0.014923
0.0044739
-0.015545
-0.0073276
0.002483
0.0061156
-0.0038468
-0.0054115
0.016799
0.0041379
-0.01141
0.0088126
0.0075648
-0.0046035
0.0058841
0.025263
0.035853
0.0072571
-0.010282
0.0071057
-0.0030232
-0.040669
-0.025391
0.030403
0.00026648
-0.010834
0.040747
-0.0011699
-0.02337
0.013116
-0.013046
-0.0062313
0.021342
0.034762
0.021652
0.014096
-0.020892
-0.048382
-0.025724
-0.070634
-0.0017159
0.087619
0.020178
0.016171
-0.0020219
-0.06862
-0.066678
-0.022279
0.070391
0.0080294
0.037911
0.094495
-0.039586
0.0034263
0.0019667
-0.065793
-0.02941
0.014377
0.052131
-0.039305
0.0083464
0.031193
-0.049643
0.017223
0.0072391
0.0039477
0.013458
-0.010304
0.0077994
-0.080378
-0.039863
0.020946
-0.0026337
-0.011449
0.077692
0.0057961
-0.0972
0.003782
-0.0018635
-0.063412
0.081964
0.014077
-0.048137
0.062085
0.016501
-0.061898
-0.010951
-0.022301
-0.053399
-0.0046166
-0.05688
-0.043906
-0.014112
-0.038799
-0.10227
-0.096635
-0.039243
-0.015386
0.045354
0.087999
0.14988
0.18607
0.16529
0.13213
0.12284
0.2749
0.30145
0.2326
0.24369
-0.082267
-0.095956
0.12393
-0.24659
-0.15016
0.092935
-0.32764
-0.37601
-0.26403
-0.41544
-0.10649
0.1947
0.013227
0.04194
0.23567
-0.082512
-0.1498
0.18598
0.062348
-0.24643
-0.26224
-0.072184
0.17518
0.47326
0.28644
0.17807
0.14554
-0.16876
-0.0032155
0.024457
-0.37603
0.017361
-0.056361
-0.39383
0.061119
-0.13128
-0.39147
0.030709
-0.027013
-0.16532
0.10742
0.3203
0.28406
0.16329
0.22316
0.020491
0.46179
0.66568
-0.40943
-0.51893
0.15583
-0.31676
-0.51695
0.063165
0.22192
-0.066227
-0.31686
-0.098125
0.17963
0.11836
0.14613
-0.010491
-0.23878
-0.19145
-0.20043
0.14375
0.15497
-0.10001
0.22528
0.23767
0.1323
0.31552
0.084897
-0.022237
0.16219
-0.30227
-0.6407
0.081669
0.23699
-0.13585
0.036876
0.13141
-0.17961
-0.19039
0.18311
0.16777
0.072044
0.022855
-0.22581
-0.22231
0.079016
0.20576
0.098818
-0.039039
-0.18636
-0.20426
-0.072942
0.0087488
0.18042
0.2632
-0.022782
-0.14599
-0.23886
-0.14276
0.074622
0.092313
0.1122
0.2262
0.038422
-0.12237
-0.035225
0.0022028
0.08738
-0.028472
-0.085486
0.1468
-0.067988
-0.20985
0.070467
0.13475
0.048623
-0.0091044
-0.070879
-0.075598
-0.16958
0.053804
0.28581
0.017163
0.09554
0.20989
-0.079813
0.022616
0.1137
-0.069905
0.011084
0.0021826
-0.10483
-0.11067
-0.042255
0.052554
-0.056343
-0.14335
-0.047356
-0.17174
0.034718
0.33057
0.095952
0.10665
0.071822
-0.1399
-0.11169
-0.098613
0.16129
0.26405
-0.066736
0.08088
0.15463
-0.18095
-0.20594
-0.071647
-0.13345
-0.24167
-0.062503
-0.061527
0.18968
0.47105
-0.00040086
0.015241
0.19801
-0.12215
-0.06798
-0.13374
-0.20641
0.15915
-0.033699
-0.33559
-0.051308
-0.027895
0.043998
0.43364
0.16359
-0.21776
0.093843
0.14817
-0.088897
0.010329
0.18791
0.19409
-0.03152
-0.24131
-0.18233
-0.12801
-0.0031053
0.22853
0.15123
-0.039211
0.080295
0.17199
-0.047731
-0.062465
0.03601
-0.2557
-0.16705
0.0021864
-0.24813
-0.32904
-0.12795
0.12425
0.13462
-0.12197
0.013795
0.19293
-0.012282
-0.32556
-0.062215
0.19073
-0.0095336
-0.26406
-0.16274
-0.04417
-0.15964
0.036145
0.20482
-0.10191
-0.12713
0.15261
0.22719
0.087964
-0.046505
-0.052922
-0.10135
-0.071298
0.04998
-0.051232
-0.043465
0.18226
0.29371
0.23839
0.047867
0.099142
0.22676
0.085302
-0.030001
0.041225
0.21434
0.23137
0.04393
0.11912
0.032422
-0.19992
-0.012978
-0.027128
-0.12832
-0.039859
-0.20598
-0.21578
-0.25581
-0.39573
-0.11542
0.24385
0.33528
0.18565
-0.011296
-0.16013
-0.15963
0.10436
0.1378
0.022176
0.25163
0.20886
-0.01896
-0.068165
-0.096092
0.037076
0.19064
0.097651
0.15609
0.064855
-0.18572
-0.17072
-0.12576
-0.06821
0.055709
0.10984
-0.047979
-0.34029
-0.41623
-0.29349
-0.010064
0.21928
0.14084
0.15437
0.19207
0.015784
-0.017344
-0.022854
-0.15037
-0.10329
-0.065098
-0.177
0.0091002
0.032498
-0.13241
0.040144
0.14902
-0.026742
0.072177
0.32877
0.38236
0.27177
-0.0027707
-0.17087
-0.12771
-0.020771
0.0026869
-0.0787
-0.11233
-0.17641
-0.29673
-0.32606
-0.2472
-0.12737
0.031353
0.30479
0.50109
0.33124
0.16672
0.26541
0.16911
-0.066515
-0.094906
0.027536
0.0025436
-0.025935
0.053799
0.0010833
-0.13697
-0.22578
-0.074485
0.13856
-0.10936
-0.017832
0.19042
-0.10927
-0.0335
-0.08949
-0.17831
0.18357
0.05628
0.041149
0.24288
-0.10798
-0.33375
-0.28879
-0.41619
-0.29788
0.026647
0.12913
0.11152
-0.011326
-0.2608
0.032377
0.30937
-0.060938
0.14309
0.57408
0.099639
-0.27817
-0.35054
-0.35682
0.036118
0.21987
0.009851
0.23644
0.24075
0.070591
0.10383
-0.086516
0.033261
0.13139
-0.11587
-0.13075
0.019573
0.062325
0.2496
0.46453
0.38495
0.10194
-0.1039
-0.18782
-0.19977
-0.2518
-0.24766
-0.16154
-0.11562
-0.10542
-0.21191
-0.11954
0.097312
0.057332
0.00084702
-0.0083671
-0.11308
-0.23292
-0.11553
0.0031172
-0.0058115
0.20844
0.25121
0.068509
0.24554
0.15375
-0.05075
0.14644
0.26492
0.13637
0.030961
0.00072191
0.018853
0.05494
-0.046582
0.017086
0.26204
0.19054
-0.0263
0.04525
-0.017355
-0.088078
0.066612
-0.013788
-0.12306
-0.01514
-0.16303
-0.037489
0.017192
-0.27957
-0.30268
-0.14021
-0.22135
-0.33106
-0.087634
0.075204
0.010833
-0.022071
-0.058973
0.086056
0.038633
-0.11745
-0.11488
-0.15134
-0.0083086
0.21544
0.21181
0.15471
0.21364
0.31899
0.25204
0.13482
0.2531
0.2724
0.061909
0.0058831
0.038289
-0.18037
-0.44857
-0.46057
-0.3701
-0.2926
-0.23738
-0.18295
-0.11886
-0.0089611
0.061107
0.20937
0.41893
0.40763
0.37781
0.33073
0.086828
-0.34066
-0.57995
-0.48446
-0.33343
-0.27724
-0.17765
0.070461
0.23212
0.094397
-0.0013778
0.023132
-0.0010209
0.071666
0.026818
-0.037886
0.030706
0.041912
0.11547
0.20755
0.26966
0.36291
0.31393
0.23933
0.21402
0.12299
-0.020144
-0.084038
-0.11302
-0.0077539
0.030099
-0.040336
-0.063921
-0.23678
-0.2901
-0.2301
-0.25456
-0.066581
0.14953
0.10629
0.18715
0.22439
0.12243
0.083825
0.034098
0.029065
-0.022599
-0.19229
-0.18048
-0.075239
-0.059567
-0.0027939
0.084282
0.16983
0.10426
-0.036227
-0.11508
-0.13548
-0.092062
-0.03566
-0.015398
0.012302
0.056211
0.064366
0.11403
0.18836
0.12069
0.04362
-0.034012
-0.22842
-0.26677
-0.15567
-0.062946
0.04284
0.067938
-0.015903
-0.10014
-0.086379
-0.10351
-0.12217
-0.097627
-0.10929
-0.10422
-0.11976
-0.24988
-0.31422
-0.24262
-0.18237
-0.12655
-0.019343
0.12195
0.2562
0.32382
0.28353
0.26314
0.25323
0.17659
0.27412
0.35125
0.27539
0.31361
0.3387
0.24194
0.19835
0.1509
0.038611
-0.014795
-0.10224
-0.22815
-0.26098
-0.23512
-0.18011
-0.054789
0.087042
0.10694
0.055966
-0.0007592
-0.11058
-0.17155
-0.2435
-0.32818
-0.3052
-0.29067
-0.27754
-0.16085
-0.07245
-0.018359
0.065071
0.086155
0.11673
0.15725
0.084243
0.036838
0.031364
-0.092428
-0.11167
-0.045235
-0.054878
-0.023732
0.042064
0.069989
0.12135
0.16744
0.10707
0.058986
0.096871
0.11608
0.10242
0.092447
0.065509
0.039887
-0.0011536
0.00015059
0.040114
0.02182
0.061312
0.078093
-0.032854
-0.10848
-0.097945
-0.1121
-0.17212
-0.18357
-0.10788
0.00063679
0.094472
0.11371
0.10291
0.10065
0.033694
-0.084222
-0.1438
-0.1738
-0.22255
-0.19521
-0.12477
-0.071786
-0.012245
0.046895
0.12666
0.1398
0.070282
-0.019413
-0.079123
-0.073119
-0.0335
0.035059
0.086503
0.10059
0.093416
0.056623
0.073483
0.086322
0.061479
0.053936
0.051809
0.040759
0.061499
0.055355
0.038587
0.043512
-0.014129
-0.11873
-0.21903
-0.31494
-0.35583
-0.29896
-0.19203
-0.072145
0.038871
0.087399
0.12084
0.19433
0.21499
0.1558
0.071995
0.04913
0.063287
0.070838
0.10901
0.11265
0.077439
0.061485
0.025018
-0.01605
-0.039994
-0.076995
-0.069924
-0.017807
0.044974
0.12166
0.14462
0.12936
0.096938
0.066615
0.029469
-0.052919
-0.082329
-0.047237
-0.044397
-0.069422
-0.11897
-0.17451
-0.18472
-0.17032
-0.15397
-0.10645
-0.019229
0.072772
0.080263
0.013211
-0.036018
-0.087371
-0.10806
-0.047123
0.00019842
0.021388
0.033121
-0.024083
-0.06501
-0.037991
0.0015032
0.093006
0.20448
0.24573
0.21281
0.16964
0.16171
0.15709
0.10991
0.032934
-0.048288
-0.12361
-0.17196
-0.13945
-0.042694
0.018009
0.066489
0.11377
0.10418
0.065892
0.082454
0.097574
0.062085
0.024628
0.025261
0.014451
0.01939
0.06296
0.051838
0.0041212
-0.035436
-0.088017
-0.11271
-0.10509
-0.088861
-0.074862
-0.069892
-0.062275
-0.058369
-0.062192
-0.029679
-0.0065881
0.030098
0.066046
0.045857
0.044036
0.064059
0.070214
0.06249
0.047996
0.023748
-0.036576
-0.084806
-0.10294
-0.13587
-0.14161
-0.097031
-0.031773
0.025446
0.043136
0.10026
0.16221
0.14628
0.12027
0.10336
0.021937
-0.046079
-0.071123
-0.11247
-0.14
-0.15915
-0.18583
-0.18021
-0.16301
-0.14035
-0.12414
-0.11178
-0.092235
-0.086643
-0.070234
-0.026511
0.043081
0.13947
0.19248
0.18039
0.14287
0.084562
0.029515
-0.020726
-0.061906
-0.038773
-0.0076514
0.021698
0.047698
0.023237
-0.0039063
-0.0057523
-0.0054832
-0.0064496
0.033455
0.060667
0.042355
0.043569
0.031782
0.021203
0.050088
0.059094
0.014518
-0.039805
-0.077167
-0.10599
-0.09612
-0.059395
-0.022224
0.029209
0.079468
0.10619
0.12509
0.14848
0.11783
0.065436
0.016772
-0.038797
-0.073323
-0.066537
-0.06333
-0.063196
-0.026844
-0.0034585
-0.01279
-0.025053
-0.031256
-0.020806
-0.017654
-0.050741
-0.062489
-0.05369
-0.043617
-0.03137
-0.0026304
0.037124
0.064434
0.056768
0.040626
0.030214
0.020095
-0.021289
-0.054661
-0.031871
-0.011126
-0.02289
-0.051534
-0.077245
-0.081
-0.07766
-0.053069
-0.0009408
0.027836
0.031634
0.044102
0.064112
0.080923
0.067538
0.050461
0.036126
-0.0051177
-0.031848
-0.007332
0.063822
0.11144
0.14838
0.19572
0.18005
0.1384
0.12565
0.12148
0.12499
0.13582
0.14932
0.16825
0.16727
0.14328
0.0866
-0.013889
-0.12728
-0.20671
-0.23851
-0.23051
-0.19571
-0.14676
-0.10553
-0.1146
-0.12976
-0.11279
-0.11517
-0.12654
-0.14147
-0.1493
-0.13892
-0.11124
-0.077851
-0.051274
-0.0036758
0.06002
0.089309
0.090012
0.10203
0.12563
0.1248
0.10593
0.085167
0.072824
0.065724
0.056146
0.04127
0.0079106
-0.028226
-0.057145
-0.08483
-0.084388
-0.075788
-0.058114
-0.025837
-0.01499
-0.017724
-0.016101
-0.0055677
0.013422
0.02791
0.020852
-0.0057937
-0.026224
-0.019535
0.004456
0.028063
0.035454
0.024369
0.029025
0.049227
0.057845
0.083397
0.10271
0.076897
0.045916
0.035304
0.032095
0.039149
0.064856
0.080595
0.07362
0.050176
0.017015
-0.014716
-0.052889
-0.10663
-0.15488
-0.1868
-0.19616
-0.17544
-0.13069
-0.094005
-0.070626
-0.049692
-0.021463
0.0017223
0.014425
0.0041431
-0.0099997
-0.0077948
-0.0045522
0.031736
0.082462
0.1175
0.10628
0.049342
7.4262e-05
-0.052289
-0.084636
-0.084056
-0.084107
-0.074107
-0.074536
-0.094397
-0.09412
-0.076953
-0.045607
0.0083515
0.050036
0.096101
0.13894
0.13836
0.12869
0.12338
0.11499
0.097546
0.076078
0.060542
0.034975
-0.0031255
-0.032841
-0.048109
-0.04803
-0.023862
0.01041
0.05082
0.081155
0.072028
0.04135
0.012903
-0.014063
-0.035912
-0.026834
0.0094992
0.021891
-0.0045298
-0.036141
-0.063256
-0.090046
-0.088057
-0.080113
-0.083595
-0.078556
-0.064332
-0.051803
-0.036584
-0.027359
-0.016395
0.021228
0.04793
0.047756
0.041057
0.012162
-0.017729
-0.010066
0.019001
0.060982
0.086138
0.083218
0.072724
0.044934
-0.0037688
-0.051248
-0.087829
-0.10132
-0.083327
-0.038796
0.0030557
0.023511
0.025092
0.0034269
-0.014029
-0.022215
-0.024576
-0.017077
-2.8011e-05
0.019619
0.029289
0.035151
0.027292
0.02543
0.044576
0.057651
0.078138
0.10406
0.10577
0.090623
0.068291
0.049102
0.026294
0.012359
0.013712
0.0051596
-0.012219
-0.021378
-0.022058
-0.040543
-0.071048
-0.066266
-0.043106
0.0080913
0.072331
0.11506
0.12952
0.13022
0.11606
0.076993
0.026381
-0.012565
-0.054722
-0.094045
-0.10437
-0.11123
-0.098042
-0.056951
-0.026667
-0.008942
-0.0075197
-0.0051758
-0.0090915
-0.037523
-0.061558
-0.072678
-0.081535
-0.080951
-0.06981
-0.043276
-0.005943
0.032153
0.055441
0.056081
0.052342
0.052473
0.056104
0.060749
0.054608
0.041489
0.010338
-0.027842
-0.043224
-0.052989
-0.05725
-0.04777
-0.03718
-0.021391
0.0049105
0.039405
0.066575
0.07558
0.083554
0.076078
0.037982
-0.0035567
-0.028242
-0.046059
-0.062488
-0.068374
-0.055805
-0.041776
-0.022341
-0.011061
-0.016987
-0.016746
-0.017783
-0.016294
-0.01666
-0.026609
-0.019918
-0.013722
-0.024828
-0.038731
-0.047903
-0.060254
-0.079783
-0.088168
-0.074323
-0.03542
0.0041357
0.038773
0.061401
0.043881
0.0038779
-0.027034
-0.035671
-0.039438
-0.038338
-0.012147
0.02031
0.030568
0.024586
0.019271
0.012929
-0.00015313
-0.015621
-0.019897
-0.0094789
0.0033189
0.023068
0.055585
0.079907
0.096397
0.10579
0.12041
0.12509
0.1164
0.096629
0.063439
0.043205
0.041099
0.029519
0.024377
0.01764
-0.00071114
-0.018526
-0.035556
-0.056873
-0.064581
-0.044048
-0.021617
-0.012466
0.0060457
0.016909
0.019423
0.026252
0.031241
0.028332
0.027999
0.040494
0.053581
0.04973
0.034848
-0.00030411
-0.050369
-0.10428
-0.14593
-0.1745
-0.18071
-0.17593
-0.16336
-0.13005
-0.1061
-0.095772
-0.084912
-0.079773
-0.072428
-0.058035
-0.040008
-0.024463
-0.018559
-0.024454
-0.038031
-0.035288
-0.018482
-0.0076874
0.031274
0.067524
0.072212
0.088574
0.09619
0.087927
0.073208
0.051258
0.034631
0.021375
0.0085268
-0.0019682
-0.0015642
0.027005
0.050196
0.060791
0.082885
0.095728
0.11234
0.11943
0.089864
0.066022
0.037059
0.012616
0.01522
0.0041952
-0.0045963
-0.0021345
-0.017524
-0.028732
-0.023457
-0.019933
-0.011598
0.0043282
0.0050835
-0.0054604
0.0012517
0.011138
0.0078717
0.0069629
0.003039
-0.013095
-0.027693
-0.034173
-0.046882
-0.052733
-0.045489
-0.03959
-0.023478
-0.015554
-0.015347
-0.0019581
0.00045573
-0.010149
-0.0082262
-0.0014589
0.0093691
0.035121
0.049629
0.053147
0.067346
0.069187
0.050268
0.037436
0.018702
0.0081382
0.020068
0.036047
0.057905
0.070497
0.078133
0.077165
0.0605
0.041775
0.023732
0.0023093
-0.01326
-0.0060386
0.011984
0.01773
0.030438
0.051261
0.049695
0.035428
0.01631
-0.0098774
-0.03528
-0.050055
-0.05322
-0.035642
-0.021547
-0.022092
-0.015083
-0.011772
-0.017245
-0.020075
-0.026345
-0.027495
-0.027842
-0.028058
-0.02283
-0.020498
-0.021614
-0.023989
-0.044096
-0.072621
-0.078046
-0.073046
-0.085359
-0.07688
-0.06322
-0.072081
-0.069513
-0.064659
-0.066589
-0.060092
-0.050113
-0.025832
-0.0038251
0.015966
0.030007
0.039315
0.043229
0.03221
0.022065
0.0029396
-0.0074692
-0.00031165
0.0029996
0.0024855
0.013686
0.01822
0.025603
0.039132
0.048397
0.049148
0.054406
0.044921
0.021283
0.010575
-0.0027622
-0.024752
-0.020554
0.0034198
0.030576
0.055349
0.06601
0.066987
0.058372
0.041245
0.021272
0.012758
0.0023121
-0.019512
-0.020736
-0.010014
-0.0019028
0.012843
0.03573
0.050607
0.051348
0.056204
0.070471
0.073937
0.071084
0.054038
0.023538
-0.0043246
-0.036533
-0.052089
-0.044139
-0.032261
-0.017211
-0.00031583
0.017407
0.026326
0.028825
0.0091217
-0.020625
-0.036981
-0.062244
-0.08298
-0.083864
-0.088422
-0.087534
-0.079665
-0.088964
-0.096343
-0.089183
-0.082602
-0.063538
-0.02573
0.0084603
0.037443
0.0664
0.089002
0.10925
0.11016
0.09042
0.062955
0.029481
-0.0076664
-0.037838
-0.054856
-0.070075
-0.08308
-0.095463
-0.099883
-0.097233
-0.087068
-0.076378
-0.070528
-0.066795
-0.068558
-0.068304
-0.058962
-0.033
-0.024117
-0.030338
-0.026118
-0.021493
-0.013907
-0.00027494
0.016049
0.022968
0.024668
0.022039
0.0096811
0.0051879
-0.009906
-0.025396
-0.030262
-0.046736
-0.067194
-0.071247
-0.064812
-0.046613
-0.022888
-0.010892
0.015061
0.037049
0.049123
0.054261
0.065545
0.074971
0.068931
0.062258
0.051679
0.039508
0.036548
0.048736
0.052113
0.059277
0.061372
0.048814
0.031261
0.0092495
-0.014269
-0.030786
-0.030644
-0.02285
-0.013582
0.0037526
0.02446
0.036327
0.045198
0.046481
0.050724
0.056947
0.060275
0.071994
0.082834
0.098245
0.1076
0.10602
0.10599
0.09866
0.084723
0.0777
0.072325
0.066307
0.061104
0.048066
0.03673
0.025711
0.013696
0.0079424
0.0050923
0.0010491
0.0020818
-0.002316
-0.019187
-0.028885
-0.040382
-0.05608
-0.065157
-0.069042
-0.067535
-0.065725
-0.067554
-0.058139
-0.030181
-0.016027
-0.0096436
0.0058044
0.022709
0.037458
0.054487
0.059769
0.05297
0.048471
0.046413
0.033415
0.016334
0.012668
0.0015274
-0.010077
-0.009671
-0.0061683
-0.0076049
-0.022046
-0.031356
-0.043401
-0.071095
-0.07581
-0.07409
-0.079848
-0.067921
-0.048409
-0.040489
-0.026325
-0.00694
-0.005519
-0.0074395
-0.007545
-0.016738
-0.012142
-0.00017348
0.012614
0.020422
0.018146
0.018657
0.020806
0.018734
0.0088133
-0.00079965
-0.012276
-0.031264
-0.04942
-0.059931
-0.069317
-0.067578
-0.060526
-0.045683
-0.028419
-0.017078
-0.013805
-0.010012
-0.0061589
-0.0097065
-0.011907
-0.020541
-0.028776
-0.032982
-0.047744
-0.058502
-0.053949
-0.041994
-0.02972
-0.026909
-0.029799
-0.028495
-0.027615
-0.023933
-0.01433
8.5833e-06
0.015738
0.019872
0.0191
0.022293
0.019578
0.021071
0.032856
0.037193
0.053122
0.064507
0.071514
0.088546
0.090119
0.085973
0.082597
0.079882
0.076437
0.069264
0.069093
0.070637
0.068203
0.059616
0.050304
0.043196
0.025685
0.007683
-0.0059908
-0.019615
-0.023891
-0.026884
-0.028736
-0.029233
-0.029038
-0.026169
-0.018687
-0.0092006
0.003895
0.015276
0.019454
0.023723
0.025615
0.024457
0.031471
0.030388
0.019102
0.0020057
-0.016254
-0.031063
-0.048906
-0.067023
-0.085855
-0.10136
-0.11474
-0.12738
-0.1303
-0.12201
-0.11554
-0.1066
-0.098043
-0.093616
-0.077733
-0.049441
-0.019077
0.0019571
0.018921
0.033069
0.04507
0.049967
0.051903
0.056565
0.050881
0.041433
0.032037
0.020206
0.015793
0.0070353
0.0016424
0.0005183
0.0032646
0.019539
0.022288
0.021136
0.02449
0.014385
-0.00058492
-0.011134
-0.016345
-0.022934
-0.029306
-0.029111
-0.026796
-0.019233
-0.012263
-0.013934
-0.016515
-0.022684
-0.031361
-0.041786
-0.04701
-0.044643
-0.044237
-0.044437
-0.036431
-0.025052
-0.020427
-0.010475
-0.0054321
-0.0034662
0.0052351
0.0094491
0.019634
0.031872
0.038046
0.046963
0.039596
0.040656
0.049408
0.046599
0.05213
0.052672
0.049215
0.039424
0.020969
0.009112
-0.0061447
-0.01503
-0.019811
-0.027171
-0.02464
-0.017939
-0.011749
-0.003323
0.0045082
0.017299
0.031643
0.047327
0.059519
0.071878
0.085402
0.091008
0.09046
0.086794
0.076118
0.066247
0.058626
0.049022
0.04587
0.036135
0.020123
0.021372
0.015705
0.0004701
-0.0059379
-0.0085407
-0.0082504
-0.010216
-0.015504
-0.014148
-0.016397
-0.010357
0.00068963
0.0091169
0.019272
0.023804
0.03479
0.037111
0.034892
0.04184
0.034267
0.017825
0.015509
0.0048265
-0.0070496
-0.005051
-0.0023959
0.0039762
0.01325
0.024858
0.035295
0.041244
0.050669
0.044572
0.030984
0.019107
-0.0050355
-0.02554
-0.034615
-0.048155
-0.050699
-0.049942
-0.04473
-0.02879
-0.015098
-0.0013423
0.013937
0.020033
0.023204
0.020816
0.01736
0.010425
-0.0037783
-0.012127
-0.021523
-0.028754
-0.026747
-0.027915
-0.03177
-0.039577
-0.048186
-0.063471
-0.072854
-0.077628
-0.082429
-0.080686
-0.076261
-0.067619
-0.065741
-0.059094
-0.042939
-0.0426
-0.04301
-0.034944
-0.037723
-0.030939
-0.025542
-0.024991
-0.013949
-0.011496
-0.0076149
-0.0025276
-0.0066814
-0.0076405
-0.010865
-0.014457
-0.012146
-0.01496
-0.015944
-0.014118
-0.013744
-0.014333
-0.0094842
-0.0039898
9.1109e-05
0.013571
0.020435
0.021316
0.017485
0.011378
0.010815
0.0097338
0.0087255
0.01203
0.017259
0.021201
0.03481
0.04712
0.04722
0.045331
0.038728
0.029623
0.021295
0.010346
-0.0011425
-0.011181
-0.018043
-0.022138
-0.022455
-0.017718
-0.019051
-0.020227
-0.01928
-0.019592
-0.021114
-0.021572
-0.015258
-0.0055403
0.0031905
0.01583
0.021463
0.017773
0.011886
0.0057346
-0.005187
-0.006541
-0.0025402
0.00081102
0.0070434
0.010895
0.012304
0.015536
0.017352
0.017892
0.010303
-0.0047031
-0.018436
-0.029558
-0.044657
-0.052084
-0.052865
-0.05372
-0.038556
-0.031736
-0.027818
-0.019957
-0.010981
-0.0052916
-0.0043056
-0.0015231
0.0061327
0.0086812
0.0093238
0.01282
0.014699
0.01838
0.018069
0.022719
0.026593
0.024568
0.029102
0.029892
0.017654
0.024419
0.035254
0.032638
0.033758
0.031437
0.02013
0.018085
0.01902
0.024326
0.020474
0.02837
0.047563
0.041496
0.047914
0.052808
0.048
0.044837
0.032292
0.033278
0.026043
0.015746
0.023626
0.016874
0.019315
0.025198
0.027063
0.03459
0.037089
0.035746
0.023322
0.02052
0.015482
0.010273
0.015559
0.013916
0.0076998
-0.0026833
-0.010189
-0.013715
-0.020451
-0.019769
-0.016594
-0.023646
-0.027192
-0.025308
-0.026941
-0.024783
-0.018485
-0.015436
-0.01101
-0.0035349
-0.014944
-0.010697
-0.0070374
-0.027819
-0.02622
-0.025118
-0.030832
-0.019052
-0.011368
0.0027186
0.020375
0.019646
0.023115
0.016576
0.012045
0.0036126
-0.012666
-0.014024
-0.017922
-0.026894
-0.028613
-0.034474
-0.049462
-0.048259
-0.039841
-0.039293
-0.025547
-0.022858
-0.022517
-0.018444
-0.020251
-0.022805
-0.028561
-0.028906
-0.033797
-0.035886
-0.026395
-0.028078
-0.023584
-0.013335
-0.0093281
-0.00072684
0.0092064
0.018504
0.019672
0.01071
0.0077154
0.0087368
0.010888
0.011466
0.01147
0.011812
0.010148
0.0047482
-0.0075119
-0.0087762
-0.013442
-0.014429
-0.0025068
-0.0028949
-0.0017097
-0.0014846
-0.0083724
-0.0045317
-0.001303
0.0075243
0.018378
0.030062
0.041349
0.046252
0.04833
0.051062
0.051675
0.053918
0.050701
0.044429
0.043968
0.034524
0.025826
0.017363
0.009261
0.0045975
-0.0043318
-0.012233
-0.018448
-0.023098
-0.028526
-0.029299
-0.029042
-0.029325
-0.030089
-0.036517
-0.033238
-0.030715
-0.031029
-0.023088
-0.022132
-0.019746
-0.015701
-0.010678
-0.0026399
0.0026442
0.0098365
0.0056789
0.0038092
0.0020656
-0.0052286
-0.00094435
0.00019667
0.0027077
0.011197
0.011218
0.013193
0.018024
0.015972
0.01663
0.016333
0.01491
0.010642
0.0033722
-0.0039428
-0.0069716
-0.0080573
-0.012874
-0.011852
-0.0097308
-0.0090008
-0.0052836
-0.0039783
-0.004546
-0.0024265
0.0026795
0.0060254
0.0061123
0.0064802
0.0035365
-0.00030999
-0.0059923
-0.010655
-0.016292
-0.019338
-0.021803
-0.028024
-0.027908
-0.025337
-0.025525
-0.023216
-0.020884
-0.014191
-0.0092974
-0.0071637
-0.00054636
0.0029177
0.0058913
0.011247
0.011498
0.011836
0.011007
0.0080638
0.0067693
0.0050715
0.0096135
0.011862
0.011202
0.012248
0.010204
0.0097289
0.0070712
0.0040973
0.0031318
0.0011238
0.001249
0.0014588
0.0021756
0.0041472
0.0068479
0.0093346
0.0094962
0.0090016
0.0065672
0.0020783
-0.00026716
0.0010039
0.0014473
0.0013732
0.0041821
0.006424
0.0072534
0.009548
0.013199
0.015592
0.014882
0.01757
0.01572
0.011101
0.010313
0.0095702
0.0062432
0.005967
0.0050625
0.0040462
0.0056756
0.006576
0.0068269
0.0065818
0.0082411
0.0078992
0.0053135
0.0047225
0.0033087
0.0019606
0.0021415
0.0016178
0.0010114
0.00063215
0.00039143
-0.00056193
-0.0019008
-0.0028928
-0.003602
-0.0039054
-0.0037873
-0.0042341
-0.0048728
-0.0043536
-0.0040932
-0.0042544
-0.0041627
-0.0043935
-0.0041199
-0.0041313
-0.004603
-0.0049473
-0.0049554
-0.0053482
-0.0058717
-0.0059893
-0.0063202
-0.0064854
-0.0065123
-0.0060691
-0.0055752
-0.0051957
-0.0047299
-0.0042849
-0.0038459
-0.0033223
-0.0027841
-0.0021454
-0.0017492
-0.0015207
-0.0012167
-0.00091578
-0.00076368
-0.00062104
-0.00048477
-0.00037705
-0.00026849
-0.00017958
-6.7239e-05
-1.2905e-05
9.6006e-08
2.5101e-05
-1.0939e-05
-6.0674e-05
-0.00010356
-0.0001338
-0.00016232
-0.00019527
-0.00018784
-0.00016725
-0.00014977
-0.00012061
-7.5154e-05
-2.9288e-05
6.2828e-06
3.5378e-05
5.6395e-05
7.1645e-05
8.268e-05
9.1013e-05
9.7013e-05
0.00010178
0.00010585
0.0001098
0.00011376
0.00011804
0.00012179
0.00012545
0.00012877
0.00013145
0.00013361
0
0
0
0
0
0
0
0
0
0
0
0
0
0
0
0
0
0
0
0
0
0
0
0
0
0
0
0
0
0
0
0
0
0
0
0
0
0
0
0
0
0
0
0
0
0
0
0
0
0
0
0
0
0
0
0
0
0
0
0
0
0
0
0
0
0
0
0
0
0
0
0
0
0
0
0
0
0
0
0
0
0
0
0
0
0
0
0
0
0
0
0
0
0
0
0
0
0
0
0
0
0
0
0
0
0
0
0
0
0
0
0
0
0
0
0
0
0
0
0
0
0
0
0
0
0
0
0
0
0
0
0
0
0
0
0
0
0
0
0
0
0
0
0
0
0
0
0
0
0
0
0
0
0
0
0
0
0
0
0
0
0
0
0
0
0
0
0
0
0
0
0
0
0
0
0
0
0
0
0
0
0
0
0
0
0
0
0
0
0
0
0
0
0
0
0
0
0
0
0
0
0
0
0
0
0
0
0
0
0
0
0
0
0
0
0
0
0
0
0
0
0
0
0
0
0
0
0
0
0
0
0
0
0
0
0
0
0
0
0
0
0
0
0
0
0
0
0
0
0
0
0
0
0
0
0
0
0
0
0
0
0
0
0
0
0
0
0
0
0
0
0
0
0
0
0
0
0
0
0
0
0
0
0
0
0
0
0
0
0
0
0
0
0
0
0
0
0
0
0
0
0
0
0
0
0
0
0
0
0
0
0
0
0
0
0
0
0
0
0
0
0
0
0
0
0
0
0
0
0
0
0
0
0
0
0
0
0
0
0
0
0
0
0
0
0
0
0
0
0
0
0
0
0
0
0
0
0
0
0
0
0
0
0
0
0
0
0
0
0
0
0
0
0
0
0
0
0
0
0
0
0
0
0
0
0
0
0
0
0
0
0
0
0
0
0
0
0
0
0
0
0
0
0
0
0
0
0
0
0
0
0
0
0
0
0
0
0
0
0
0
0
0
0
0
0
0
0
0
0
0
0
0
0
0
0
0
0
0
0
0
0
0
0
0
0
0
0
0
0
0
0
0
0
0
0
0
0
0
0
0
0
0
0
0
0
0
0
0
0
0
0
0
0
0
0
0
0
0
0
0
0
0
0
0
0
0
0
0
0
0
0
0
0
0
0
0
0
0
0
