-0.0008118
-0.0084765
-0.0058581
0.010395
0.0012838
-0.0029578
0.00013069
-0.0079709
0.0014557
0.0039553
-0.0030048
-0.0030119
-0.0020901
-0.0071511
-0.0051012
-0.0016359
-0.0075403
-0.0041002
0.00091948
-0.0073952
-0.0029707
0.0043673
-0.0061366
-0.00044438
0.010147
0.0031094
-0.0016195
-0.0055661
-0.0082997
-0.00033725
0.0025678
-0.0036372
9.1589e-05
0.00052957
-0.0061299
-0.0035246
0.0035697
-0.0040421
-0.020795
-0.01129
-0.011191
-0.006717
0.014425
0.0079082
-0.022273
0.013365
0.047098
-0.021546
-0.030764
0.027742
3.822e-05
0.0090092
0.042069
-0.013076
-0.0096748
0.020891
-0.023976
-0.024924
0.021172
-0.0037762
-0.028015
0.01211
0.0038858
-0.014409
-0.0023071
0.004323
0.010855
-0.004297
0.0021556
0.025027
-0.01103
-0.027003
0.0058338
-0.0075375
-0.029058
-0.016555
-0.010432
-0.024095
-0.048708
-0.022056
0.0029067
-0.017822
-0.014599
-0.024045
-0.05831
-0.039265
0.026745
0.063856
0.1011
0.15296
0.12593
0.088293
0.13614
0.1783
0.11713
0.099145
0.095056
-0.018199
-0.11168
-0.12338
-0.14175
-0.16355
-0.14114
-0.081393
-0.10165
-0.056146
0.055169
0.094257
0.18757
0.20515
0.060866
-0.030512
-0.020279
-0.031037
-0.081564
-0.13996
-0.19354
-0.11444
-0.053895
-0.10085
-0.10714
-0.018394
0.079609
0.094137
0.085249
0.12595
0.15051
0.048899
-0.011775
0.0052249
-0.042268
-0.098391
-0.014086
0.02909
-0.013919
-0.019401
-0.007691
-0.049241
-0.054967
0.022097
0.07466
0.020257
-0.027312
0.012017
0.044674
0.028392
0.013482
-0.043371
-0.13173
-0.079921
0.02022
0.01455
-0.057779
-0.078293
0.027271
0.084368
-0.017516
-0.096618
-0.045668
-0.053405
-0.087994
-0.0098934
0.0002864
-0.056174
-0.03124
0.056338
0.074565
0.026585
0.0080561
0.067186
0.16873
0.17483
0.12261
0.11377
0.07263
0.098576
0.1611
0.067376
-0.025498
0.055629
-0.080434
-0.27773
-0.09468
0.057095
-0.074208
0.020479
0.18457
0.081136
-0.031305
0.05707
-0.025528
-0.044627
0.081049
0.060869
0.054136
0.090017
0.016896
-0.11889
-0.026565
0.099243
-0.031934
-0.047458
0.084275
-0.059356
-0.24188
-0.13776
0.15355
0.15702
0.063461
0.15322
0.11612
-0.017443
-0.022502
0.13374
0.16403
0.033141
0.052496
0.1862
0.1352
-0.042621
-0.11675
-0.098523
-0.16884
-0.25216
-0.13197
0.076789
0.0148
-0.17431
0.19222
0.58127
0.25455
-0.12046
0.099335
0.35736
0.084318
-0.20033
-0.49074
-0.45929
-0.40991
-0.30033
0.016075
0.22482
0.40744
0.50592
0.074923
-0.45221
-0.34983
0.17779
0.41908
-0.27815
-0.66088
-0.36559
-0.22631
0.18397
0.60455
-0.14621
-0.72466
-0.26075
-0.14057
-0.30123
-0.29926
0.0159
0.10622
-0.066439
0.038106
-0.10284
-0.10134
0.0063442
-0.13398
-0.077542
0.090329
0.1003
-0.074932
-0.20666
-0.26748
-0.17018
0.099247
0.184
-0.10469
-0.2632
-0.11285
0.030845
0.20236
0.34671
0.31993
0.14146
0.0063855
0.11824
0.25274
0.10955
-0.20153
-0.30007
-0.091965
-0.14211
-0.26585
0.051934
0.29898
-0.12028
-0.37421
-0.0031947
0.31082
0.25606
0.062873
0.14828
0.26384
0.098527
0.040873
0.098613
0.13778
0.19982
-0.048961
-0.21925
-0.093014
-0.075992
-0.19218
-0.40021
-0.18715
0.31083
0.20232
0.10552
0.43179
0.37228
0.13756
0.18908
0.19721
0.27498
0.11703
-0.076406
0.062969
0.26308
0.29184
0.12601
0.1349
0.14775
-0.037408
-0.09705
0.068429
0.19221
0.026836
-0.02908
-0.12637
-0.24717
-0.0012174
0.16494
-0.060944
0.00063294
0.09173
-0.16086
-0.18743
0.030796
0.064902
-0.1409
-0.27091
0.021308
0.25546
0.045441
-0.14543
-0.0017319
0.11029
-0.091273
-0.17157
-0.033923
-0.028622
-0.039274
-0.015614
-0.08105
-0.16954
-0.21837
-0.22334
-0.27598
-0.19588
0.0094676
0.089508
-0.005369
0.012401
0.12946
0.012953
0.039259
0.083208
-0.0077699
-0.08104
0.026815
0.089053
-0.024825
-0.00068319
0.082671
0.016045
-0.030975
-0.059107
-0.070947
-0.066434
-0.12136
-0.13348
-0.074492
0.048361
0.047272
-0.0091922
0.00036355
0.10635
0.043594
-0.11195
-0.081214
0.0083579
0.011715
-0.063735
-0.073648
0.034478
0.11662
0.024002
-0.0042371
0.088731
0.11581
0.099871
0.0022034
-0.068104
-0.047457
-0.064573
-0.01623
0.034287
-0.0962
-0.16587
-0.069265
0.045141
0.010885
-0.011531
-0.03941
-0.071624
0.010528
0.038834
-0.008038
-0.072856
-0.078727
-0.006224
-0.073241
-0.13931
-0.073223
0.056643
0.08727
0.021791
0.11452
0.2127
0.18766
0.12517
0.14386
0.19281
0.14722
0.032579
0.06953
0.016463
-0.12592
0.02048
0.12811
0.058619
-0.069859
-0.090222
0.026879
-0.014841
-0.098352
-0.071604
-0.028848
0.085301
0.19269
0.075195
-0.015538
-0.039003
-0.015923
0.13771
0.2174
0.013386
-0.12117
-0.098429
0.0099162
0.058162
0.0054651
-0.020746
-0.040355
-0.11538
-0.10195
-0.054123
0.062005
0.21827
0.080509
-0.09087
-0.030145
0.019716
-0.02031
-0.13478
-0.083783
0.057141
-0.054789
-0.24175
-0.15228
0.031986
-0.043994
-0.13064
-0.13939
-0.042392
0.018691
-0.030257
-0.063906
-0.075056
0.0046688
0.088453
0.048518
-0.087969
-0.040707
0.042532
-0.018168
0.06193
0.081387
0.0060409
0.028544
-0.00021873
-0.0067002
0.064682
0.092631
0.056493
0.0098599
-0.064595
-0.11474
-0.0066546
0.10062
0.050478
-0.077871
-0.080939
2.5e-05
-0.04553
-0.040848
0.0035574
-0.03564
-0.07381
-0.045474
-0.064693
-0.10452
-0.039016
0.14016
0.13149
-0.028022
0.046666
0.18022
0.15184
0.066182
-0.0090088
-0.0060314
0.083836
0.13094
0.093151
0.016348
-0.062703
-0.091197
-0.0455
-0.079329
-0.14083
-0.10985
0.035761
0.080711
0.014475
0.081274
0.065408
-0.034238
0.043539
0.17235
0.14932
0.074581
0.057655
0.015178
-0.060316
-0.068167
-0.01398
0.052557
-0.010917
-0.069794
0.030801
0.041786
-0.035457
0.010446
0.066825
0.02016
-0.031538
0.0088972
0.042497
0.040698
0.079437
0.02567
-0.081429
-0.055948
0.03939
0.059613
0.00012825
-0.052711
-0.10635
-0.13688
-0.10881
-0.014982
0.041358
-0.051572
-0.14056
-0.11456
-0.059294
-0.066655
-0.073929
-0.02752
-0.035645
-0.076707
-0.051966
0.0055825
-0.0043322
-0.0067756
0.043712
0.061013
0.0018954
-0.029205
-0.015395
-0.022073
0.012583
0.049816
0.024871
0.016235
6.7833e-05
-0.0050125
0.0032478
-0.02693
-0.044812
-0.02466
-0.017385
-0.022349
-0.054466
-0.031051
0.026321
0.013994
-0.015175
0.0064947
0.042715
0.050153
0.022852
-0.013454
0.014131
0.064015
0.043856
0.014095
0.046139
0.073914
0.037994
0.019362
0.0031657
-0.008227
0.0444
0.039204
-0.055163
-0.030369
0.066973
0.071261
0.01875
0.018011
0.054139
0.01636
-0.033317
0.04139
0.094275
0.072089
0.065921
0.041229
-0.0047146
-0.0017179
0.0059559
-0.002117
0.0097898
-0.010371
-0.048735
-0.041739
0.053573
0.053805
-0.022171
-0.041881
-0.052949
-0.029218
0.010271
0.019598
-0.0015399
-0.049887
-0.061693
-0.007693
-0.027963
-0.076674
-0.020189
0.043497
0.032355
-0.0087697
-0.0051915
0.042397
0.050084
0.0092579
-0.060742
-0.059709
-0.033321
-0.014435
0.00751
-0.02294
-0.091896
-0.080513
-0.013574
0.0083092
-0.017562
-0.058874
-0.059482
-4.4362e-05
0.042857
0.01303
0.015038
0.033429
-0.0097196
-0.046732
-0.054568
-0.050184
-0.029087
-0.023862
-0.035734
-0.026585
-0.029183
-0.014672
-0.00038037
-0.0059296
0.019256
0.046964
0.018719
0.042933
0.086971
0.081757
0.055299
0.017801
-0.020659
-0.0040875
0.041908
0.0080353
-0.020625
0.0016378
0.010725
-0.018937
-0.01729
0.039487
0.061161
0.050349
0.046233
0.03315
0.033207
0.028983
0.0043476
0.0025693
0.014469
0.01958
0.0081762
-0.014798
-0.019388
-0.016091
0.00070687
0.015983
0.0032119
0.0013805
0.0034864
-0.011834
-0.022145
-0.0040186
0.012651
0.008406
5.1325e-05
-0.0097141
-0.014851
-0.010171
-0.012178
-0.013167
-0.014307
-0.0098952
-0.002389
-0.002146
-0.0049761
-0.0080727
-0.0050966
-0.0016198
-0.0064322
-0.0083039
-0.0021174
-0.0016632
-0.0079265
-0.008239
-0.0069948
-0.0054405
-0.0041032
-0.0057162
-0.0053555
-0.0029349
-0.0011754
-0.00092851
0.0003282
0.00083468
0.0004406
0.0012652
0.0018785
0
0
0
0
0
0
0
0
0
0
0
0
0
0
0
0
0
0
0
0
0
0
0
0
0
0
0
0
0
0
0
0
0
0
0
0
0
0
0
0
0
0
0
0
0
0
0
0
0
0
0
0
0
0
0
0
0
0
0
0
0
0
0
0
0
0
0
0
0
0
0
0
0
0
0
0
0
0
0
0
0
0
0
0
0
0
0
0
0
0
0
0
0
0
0
0
0
0
0
0
0
0
0
0
0
0
0
0
0
0
0
0
0
0
0
0
0
0
0
0
0
0
0
0
0
0
0
0
0
0
0
0
0
0
0
0
0
0
0
0
0
0
0
0
0
0
0
0
0
0
0
0
0
0
0
0
0
0
0
0
0
0
0
0
0
0
0
0
0
0
0
0
0
0
0
0
0
0
0
0
0
0
0
0
0
0
0
0
0
0
0
0
0
0
0
0
0
0
0
0
0
0
0
0
0
0
0
0
0
0
0
0
0
0
0
0
0
0
0
0
0
0
0
0
0
0
0
0
0
0
0
0
0
0
0
0
0
0
0
0
0
0
0
0
0
0
0
0
0
0
0
0
0
0
0
0
0
0
0
0
0
0
0
0
0
0
0
0
0
0
0
0
0
0
0
0
0
0
0
0
0
0
0
0
0
0
0
0
0
0
0
0
0
0
0
0
0
0
0
0
0
0
0
0
0
0
0
0
0
0
0
0
0
0
0
0
0
0
0
0
0
0
0
0
0
0
0
0
0
0
0
0
0
0
0
0
0
0
0
0
0
0
0
0
0
0
0
0
0
0
0
0
0
0
0
0
0
0
0
0
0
0
0
0
0
0
0
0
0
0
0
0
0
0
0
0
0
0
0
0
0
0
0
0
0
0
0
0
0
0
0
0
0
0
0
0
0
0
0
0
0
0
0
0
0
0
0
0
0
0
0
0
0
0
0
0
0
0
0
0
0
0
0
0
0
0
0
0
0
0
0
0
0
0
0
0
0
0
0
0
0
0
0
0
0
0
0
0
0
0
0
0
0
0
0
0
0
0
0
0
0
0
0
0
0
0
0
0
0
0
0
0
0
0
0
0
0
0
0
0
0
0
0
0
0
0
0
0
0
0
0
0
0
0
0
0
0
0
0
0
