0.00068108
0.0012053
-0.0027669
-0.0046156
0.0088672
0.010641
-0.0084801
0.00076803
0.0037411
-0.0053114
-0.00084855
0.0065309
0.0073133
0.0076777
0.0029767
7.5037e-05
-0.0030735
0.0012915
0.00013104
-0.0070223
0.0013708
-0.00087672
-0.021203
-0.0023208
0.0038019
-0.0031136
8.4325e-06
-0.0013326
-0.0032792
-0.012851
-0.0173
-0.0010452
0.0025357
0.010219
0.0031314
-0.01439
0.017017
0.015362
-0.015552
0.013559
0.0058805
-0.020786
0.002934
-0.015015
-0.001857
0.015248
-0.021419
0.0075794
0.0072432
-0.0093881
0.012543
-0.010775
-0.014356
0.0071739
0.00088235
-0.00097018
0.005326
0.022557
0.0087162
-0.018478
0.0060662
0.016237
-0.0084756
0.0061675
0.0057928
-0.022324
-0.022911
-0.0076047
0.018532
0.015397
0.011761
0.0036204
-0.017075
-0.0033066
0.010349
-0.0148
0.003636
0.0087481
-0.018538
0.0034256
0.0059056
0.0027165
0.0018825
-0.012085
-0.012369
0.015633
0.011617
-0.0086589
0.016308
-0.0066112
-0.021273
0.018442
0.0065102
0.0060041
0.011952
-0.00092687
-0.0027441
-0.0013875
-0.00041214
-0.0029124
0.0065288
0.035626
-0.012167
-0.030986
0.01294
-0.012877
-0.0042126
0.007699
-0.023789
0.0066909
0.0065411
-0.011102
0.015161
-0.00083087
0.011257
0.031769
-0.015963
-0.021467
0.0071122
-0.0041848
-0.020164
0.0055914
0.01038
-0.012477
-0.0077997
-0.011877
-0.0097132
0.011927
-0.001603
-0.0053513
-0.011932
-0.00075971
0.0248
0.0078815
0.021211
0.013849
-0.0022943
-0.015671
0.0094063
0.014033
-0.010715
0.026634
0.020378
-0.02147
0.027221
0.011165
-0.0078569
0.02149
0.0026493
0.0037118
-0.0058148
-0.0038329
0.0030256
-0.0089371
0.0080662
-0.002908
-0.006666
-0.0022588
-0.026158
0.011521
0.045009
-0.012095
0.01793
0.037318
-0.027592
0.0085914
0.011266
-0.013801
-0.0042395
-0.0047593
0.025747
-0.0020787
-0.032631
-0.0020181
-0.014996
-0.012047
0.02287
0.014369
0.030951
0.031208
0.0075195
0.017417
0.007057
-0.013062
0.0072336
-0.00090532
-0.0243
0.0091022
0.021508
-0.033307
0.0072032
0.01624
-0.021118
0.0097187
0.017212
0.0026362
-0.0062856
-0.014215
-0.0036216
0.024873
-0.044523
-0.063546
0.0025902
0.010466
0.012865
0.032395
0.040661
0.016179
-0.012948
-0.017288
-0.018076
-0.041925
-0.042455
0.029991
0.017666
0.022833
0.059152
-0.10032
-0.12593
-0.024503
-0.011374
-0.017631
-0.01554
0.023271
0.053558
-0.032305
-0.099609
-0.051826
0.0058118
0.0012539
-0.0043056
0.002525
-0.018184
-0.036887
-0.0070858
0.051081
0.0039138
-0.019914
0.073976
0.063936
-0.010137
-0.037574
-0.047233
-0.003936
-0.0021472
-0.04079
0.00089968
0.060267
0.10067
0.046984
0.015023
0.029483
0.012323
-0.01137
0.0026054
-0.0387
-0.052536
0.01994
0.00058289
0.014228
0.048853
0.026095
0.0053375
-0.081652
-0.1695
-0.11755
0.0018481
0.10812
0.064028
0.011817
0.089387
0.055947
-0.0089178
0.012934
-0.021634
-0.067007
-0.034452
-0.062979
-0.070112
-0.010891
-0.037254
-0.075052
-0.041891
0.03457
0.094744
0.083173
0.068611
0.041794
-0.001341
0.023567
0.044186
-0.027549
-0.11588
-0.044553
0.033023
-0.040856
-0.017901
0.051777
0.09555
0.090049
-0.069231
-0.14905
-0.08376
-0.017927
-0.04146
-0.054846
-0.014046
0.0328
0.034504
-0.055996
-0.11222
-0.05218
0.082371
-0.017189
-0.24322
-0.13271
0.12275
0.050596
-0.0088883
0.15055
0.069597
0.093616
0.14899
-0.0066463
0.024057
0.0089494
-0.044328
-0.0084139
-0.21577
-0.28135
-0.090906
0.056036
0.2513
0.27648
0.20545
0.10475
-0.18186
-0.18266
0.03111
-0.035278
0.0001582
0.16106
0.081234
0.0073409
0.0058664
-0.016764
-0.010294
-0.047357
-0.1307
-0.093692
-0.12932
-0.19781
-0.15014
-0.0065928
0.1019
0.025897
0.065424
0.062011
-0.089205
-0.07525
0.085842
0.24259
0.2566
0.1541
-0.075091
-0.14713
0.059108
0.16222
0.070866
-0.025022
-0.043065
0.087587
0.17602
0.15964
0.063678
-0.13809
-0.24892
-0.23342
-0.23263
-0.26506
-0.17808
0.036028
0.091044
0.029853
0.078157
0.10072
0.039917
0.018138
0.043106
0.075059
0.16906
0.22613
0.21927
0.13527
0.016665
0.13988
0.28795
0.20118
0.061896
-0.059078
-0.10274
0.020555
0.14781
0.13779
0.097482
0.037224
-0.12092
-0.13569
-0.0092856
-0.010952
0.015249
0.10138
0.076549
-0.037863
-0.067689
-0.066691
-0.12554
-0.12104
-0.13158
-0.15703
-0.1321
-0.097034
-0.03161
-0.074435
-0.022301
0.11182
0.079129
0.15563
0.20446
0.080471
0.05172
0.12579
0.13572
0.075721
0.037821
0.035907
0.041051
0.026041
-0.02205
-0.085665
-0.054796
0.00022787
-0.1018
-0.18834
-0.16472
-0.12416
-0.091418
-0.073511
-0.13208
-0.13719
-0.011798
0.10453
0.12117
0.031029
-0.095553
-0.12543
-0.043657
-0.063254
-0.10261
-0.029399
-0.038042
-0.12255
-0.12426
-0.026451
-0.030702
-0.13029
-0.098097
-0.012817
0.055541
0.044277
-0.02397
-0.00062606
-0.0097532
0.0082871
0.0052203
-0.013499
0.065546
0.028059
-0.048099
-0.094334
-0.15175
-0.084045
-0.046352
0.034476
0.12627
0.071242
0.02208
-0.011562
-0.05342
-0.12752
-0.14865
-0.085001
-0.011587
0.042156
-0.0022639
-0.029063
-0.02261
-0.025513
0.031998
0.092518
0.09217
0.050815
0.061793
0.078183
0.06667
0.0726
0.04455
0.055941
0.087273
0.07473
0.087587
0.079196
0.031493
0.032414
0.020541
0.012771
0.062397
0.00012524
-0.043558
-0.0032517
0.026242
0.026231
-0.012111
-0.031084
-0.0032766
0.016115
0.023431
0.0083826
0.0197
0.0465
0.032803
-0.0027706
-0.047748
-0.018224
0.0056732
-0.020289
0.020825
0.021145
-0.1063
-0.06324
0.011557
-0.013729
0.051326
0.045036
-0.014661
0.07594
0.10418
0.088609
0.044995
-0.051452
-0.092309
-0.056763
0.0070675
0.011153
-0.012029
-0.030163
-0.075127
-0.10084
-0.10151
-0.081853
-0.048018
-0.094272
-0.0819
-0.014871
-0.014879
0.032919
0.07257
0.016149
0.0025911
0.0029548
0.05504
0.096943
0.090738
0.053434
-0.033335
-0.020498
-0.028449
-0.015487
0.030285
-0.01294
-0.03831
-0.030012
-0.011167
0.051648
0.076331
0.0384
0.059884
0.10306
0.064058
0.0080089
-0.012345
-0.011026
-0.034472
-0.017571
-0.0035018
-0.071244
-0.07
-0.042108
-0.018202
0.010405
-0.0044387
0.0036584
0.039468
0.049315
0.055963
0.056139
0.021687
0.0028466
-0.01531
-0.01143
-0.00011346
0.019788
0.035965
0.042334
0.095634
0.079094
-0.0035421
-0.027265
-0.0049642
0.0061213
-0.032806
-0.064019
-0.066515
-0.12258
-0.1624
-0.12512
-0.13064
-0.087087
-0.049838
-0.09034
-0.051534
-0.044409
-0.074636
-0.02799
0.031894
0.050145
-0.011037
-0.011075
0.05231
0.053815
0.06295
0.041002
-0.0062399
0.025715
0.091487
0.082245
0.069424
0.10392
0.098667
0.068105
0.056862
0.025793
0.047415
0.099846
0.075019
0.04255
0.012779
-0.053294
-0.030549
0.029352
-0.020191
-0.033044
-0.0082372
-0.0019281
0.037728
-0.0025443
-0.0856
-0.070342
-0.073528
-0.10337
-0.086139
-0.059521
-0.033447
-0.028747
-0.021937
-0.020788
0.0078758
0.062374
0.029628
-0.015595
0.014428
0.002102
-0.062823
-0.041967
0.0030837
-0.027644
-0.014655
-0.036504
-0.031683
0.086666
0.068673
0.08753
0.094077
-0.10573
-0.20156
-0.020888
0.21361
0.18045
0.037075
-0.02972
-0.014008
0.043199
-0.052486
-0.032066
0.0024835
-0.083555
-0.052973
0.035839
0.042521
0.038624
0.085963
-0.048704
-0.11729
0.068842
0.040825
0.030771
0.1485
0.0623
0.0066422
0.012522
-0.050891
-0.041743
-0.0016379
-0.0047597
0.023169
0.051935
-0.012765
-0.083545
-0.077384
-0.02299
0.040726
0.008118
0.011911
0.059725
-0.04433
-0.11327
-0.030358
0.0015516
-0.015165
-0.012428
-0.033339
-0.032825
-0.031896
-0.0013948
0.056889
0.043478
0.0041978
0.022357
0.027087
0.014734
0.02303
0.033806
0.036949
0.073004
0.074685
0.0019077
-0.040026
-0.005142
-0.0049343
-0.045717
-0.015866
-0.01398
-0.018564
-0.027682
-0.042113
0.0057515
-0.032981
-0.033995
-0.01172
-0.068282
-0.024405
0.032389
-0.0051449
-0.042532
-0.038941
-0.056443
0.012378
0.060232
0.01269
0.048936
0.052349
0.043434
0.069512
0.031452
-0.018615
-0.039142
-0.018429
0.0021824
0.0050143
0.049703
0.053019
-0.028037
-0.034299
0.011396
-0.0018475
-0.0062736
0.006724
0.015354
0.014787
0.01919
0.010022
-0.02648
-0.056288
-0.063564
-0.077215
-0.045345
0.017883
-0.002574
0.0035565
0.00034165
-0.065777
-0.065123
-0.016268
0.020042
0.024005
0.017571
0.024326
0.019706
0.00010745
0.010319
-0.0031637
-0.0233
-0.0045732
0.016152
0.038573
0.024416
0.0099393
0.02725
0.030862
0.031525
0.032583
0.050763
0.06543
0.045109
0.031187
0.018348
-0.008059
-0.024192
-0.011327
-0.0045316
0.004401
0.012137
-0.0042627
-0.0032964
-0.011562
-0.024448
0.0042936
0.0042308
-0.0070454
-0.0025775
-0.0058297
0.0090833
0.0024987
0.0013732
0.018394
0.0085453
-0.017828
-0.028728
-0.039284
-0.047778
-0.039946
-0.021978
-0.0090396
-0.011346
0.017162
0.0192
-0.014132
-0.016805
-0.020436
-0.041049
-0.048681
-0.040003
-0.048409
-0.047778
-0.040699
-0.039999
-0.028078
-0.028787
-0.027461
0.0064016
0.033551
0.035539
0.037802
0.030138
0.0094594
0.011445
0.022134
0.017978
0.033719
0.032939
0.022759
0.044222
0.034955
0.026961
0.019688
0.0020645
0.013274
0.0054001
-0.015393
0.0043925
0.017428
0.0071595
0.009843
0.010701
-0.008697
-0.025431
-0.028395
-0.028834
-0.025926
-0.017296
0.00033514
0.0080495
0.0058082
0.0043965
-0.014371
-0.0043831
0.0051523
-8.1045e-05
0.0074355
-0.0017414
-0.00059516
0.0054521
0.0058862
0.0065844
-0.0055
-0.0085356
0.0066831
0.0093477
0.016466
0.021252
0.024415
0.027178
0.01911
0.010916
0.024617
0.036952
0.021059
0.010252
-0.010932
-0.026463
-0.010028
-0.0035808
-0.011547
-0.017083
-0.015098
-0.021259
-0.022496
-0.029855
-0.037526
-0.029045
-0.028564
-0.025243
-0.0022272
0.011852
0.0025203
-0.010963
-0.023662
-0.014474
-0.0056371
-0.00074049
0.0045869
0.0081619
0.0076182
0.00017905
0.016314
0.021028
0.015114
0.021856
0.018919
0.031037
0.032266
0.016308
0.020502
0.015187
0.0090217
0.022014
0.019309
-0.00093859
-0.0021756
-0.0047684
-0.0099051
-0.0071315
-0.01424
-0.019007
-0.0048813
-0.003923
-0.010841
-0.011446
-0.0074362
-0.0041677
-0.011659
-0.018048
-0.01763
-0.019782
-0.022038
-0.016899
-0.0061685
0.0054352
0.0059246
-0.0010997
0.0052785
0.0095992
0.0090732
0.0051826
0.0046454
0.014132
0.0080212
0.0030266
0.0085887
0.0044742
0.0012986
-0.003331
-0.0071531
-0.0023739
-0.0011444
-0.0023893
0.0023039
0.0020171
-0.0038642
-0.0016248
-0.0014645
-0.0015023
0.0026353
0.00012852
-0.0016871
0.00025862
-0.0020379
-0.0018367
0.00052082
0.00017306
0.00082753
0.001877
0.0032848
0.0031289
0.0022129
0.0019676
0.0015122
0.0010078
0.0010979
0.0010704
-3.3567e-05
0.00017846
-2.8674e-06
-0.00030236
0.00034777
-0.00013562
-0.00024931
-5.7544e-05
-0.00014026
-6.3649e-06
-0.00027793
-0.00041171
-0.0003929
-0.0004975
-0.00047391
-0.00035583
0
0
0
0
0
0
0
0
0
0
0
0
0
0
0
0
0
0
0
0
0
0
0
0
0
0
0
0
0
0
0
0
0
0
0
0
0
0
0
0
0
0
0
0
0
0
0
0
0
0
0
0
0
0
0
0
0
0
0
0
0
0
0
0
0
0
0
0
0
0
0
0
0
0
0
0
0
0
0
0
0
0
0
0
0
0
0
0
0
0
0
0
0
0
0
0
0
0
0
0
0
0
0
0
0
0
0
0
0
0
0
0
0
0
0
0
0
0
0
0
0
0
0
0
0
0
0
0
0
0
0
0
0
0
0
0
0
0
0
0
0
0
0
0
0
0
0
0
0
0
0
0
0
0
0
0
0
0
0
0
0
0
0
0
0
0
0
0
0
0
0
0
0
0
0
0
0
0
0
0
0
0
0
0
0
0
0
0
0
0
0
0
0
0
0
0
0
0
0
0
0
0
0
0
0
0
0
0
0
0
0
0
0
0
0
0
0
0
0
0
0
0
0
0
0
0
0
0
0
0
0
0
0
0
0
0
0
0
0
0
0
0
0
0
0
0
0
0
0
0
0
0
0
0
0
0
0
0
0
0
0
0
0
0
0
0
0
0
0
0
0
0
0
0
0
0
0
0
0
0
0
0
0
0
0
0
0
0
0
0
0
0
0
0
0
0
0
0
0
0
0
0
0
0
0
0
0
0
0
0
0
0
0
0
0
0
0
0
0
0
0
0
0
0
0
0
0
0
0
0
0
0
0
0
0
0
0
0
0
0
0
0
0
0
0
0
0
0
0
0
0
0
0
0
0
0
0
0
0
0
0
0
0
0
0
0
0
0
0
0
0
0
0
0
0
0
0
0
0
0
0
0
0
0
0
0
0
0
0
0
0
0
0
0
0
0
0
0
0
0
0
0
0
0
0
0
0
0
0
0
0
0
0
0
0
0
0
0
0
0
0
0
0
0
0
0
0
0
0
0
0
0
0
0
0
0
0
0
0
0
0
0
0
0
0
0
0
0
0
0
0
0
0
0
0
0
0
0
0
0
0
0
0
0
0
0
0
0
0
0
0
0
0
0
0
0
0
0
0
0
0
0
0
0
0
0
0
0
0
0
0
0
0
0
0
0
0
0
0
0
