0.051101
0.05596
0.072297
0.060757
0.05452
0.054879
0.038873
0.038869
0.011129
-0.043127
-0.03789
-0.034968
-0.034876
0.026476
0.054641
0.052026
0.032602
0.0091689
0.02357
0.014644
0.013257
0.0089936
-0.014724
-0.03664
-0.061452
-0.013029
-0.00055935
-0.034482
-0.027805
-0.0257
-0.0026991
-0.014048
-0.031934
0.0018666
-0.064215
-0.14747
-0.091601
-0.067024
-0.08316
-1.5991e-06
0.034794
0.0389
0.069941
0.048129
0.019984
0.029846
0.012226
-0.001212
0.037961
0.032247
-0.051299
-0.097318
-0.1077
-0.10535
-0.084389
-0.054409
-0.010154
0.042321
0.12521
0.17017
0.19113
0.22082
0.21367
0.16786
0.11363
0.033485
0.0059066
-0.0012726
-0.067291
-0.059081
-0.041139
-0.074452
-0.057333
-0.028615
-0.021938
-0.046374
-0.054148
-0.0086573
0.011167
0.006602
0.032749
0.056627
0.032275
-0.046397
-0.088491
-0.035288
0.022807
0.044399
0.050839
0.014043
-0.0077191
-0.017322
0.0059583
-0.015954
-0.11508
-0.16604
-0.23643
-0.23383
-0.19154
-0.15561
-0.11006
-0.1191
-0.081165
0.060044
0.18375
0.22051
0.21272
0.16282
0.15163
0.12168
0.062151
0.038584
0.020448
-0.014198
-0.047868
-0.028766
-0.026401
-0.018267
-0.00050592
0.00034489
0.028134
0.092786
0.1526
0.19731
0.16964
0.17288
0.19128
0.093891
0.047703
0.003711
-0.072346
-0.10637
-0.11287
-0.10169
-0.092348
-0.027407
-0.089405
-0.26524
-0.23853
-0.16657
-0.093686
0.25519
0.52776
0.44677
0.43874
0.46947
0.34191
0.26781
0.10656
-0.31206
-0.58272
-0.57042
-0.56188
-0.57989
-0.52106
-0.42915
-0.31447
-0.097
0.11286
0.20166
0.34467
0.49811
0.50669
0.50468
0.43908
0.29116
0.20403
0.058089
-0.15707
-0.2868
-0.30487
-0.24976
-0.15969
-0.12608
-0.17001
-0.15493
0.00022219
0.072818
0.017154
0.01995
-0.055717
-0.19234
-0.21403
-0.17438
-0.088795
0.039423
0.14007
0.2573
0.33828
0.27802
0.15605
0.029746
-0.089819
-0.24289
-0.33333
-0.26994
-0.21435
-0.15957
-0.081439
-0.016192
0.022306
0.061677
0.075084
0.0096061
-0.063202
-0.11821
-0.15751
-0.1669
-0.18404
-0.17259
-0.098534
0.016019
0.052045
0.016852
0.038599
0.032983
-0.020197
-0.041671
-0.074518
-0.040622
0.027043
0.064171
0.15449
0.20349
0.19611
0.17
0.12642
0.10346
0.048975
0.003903
0.022687
0.029913
0.048866
0.10002
0.087925
0.054977
0.054284
0.026976
0.087172
0.20994
0.25087
0.2817
0.24884
0.16433
0.054982
-0.042272
-0.075074
-0.07912
-0.0014436
0.036413
0.041807
0.071375
0.042365
0.015741
-0.0060636
-0.053506
-0.10586
-0.18757
-0.26153
-0.25537
-0.23527
-0.2644
-0.23796
-0.15795
-0.1162
-0.090295
-0.068727
-0.068579
-0.039674
0.033157
0.050905
0.037689
0.046648
0.016333
-0.063395
-0.11418
-0.086339
-0.028542
0.01672
0.057056
0.12797
0.17411
0.17779
0.16879
0.15761
0.12847
0.059974
0.044303
0.050956
0.006227
0.013296
0.075151
0.12939
0.17154
0.17459
0.1209
0.036596
-0.070894
-0.16335
-0.17781
-0.19981
-0.19416
-0.09992
-0.074334
-0.054525
0.011513
0.0037192
-0.020382
-0.03084
-0.065103
-0.051966
-0.026484
-0.072498
-0.047478
0.042452
0.050072
0.042747
0.064886
0.061107
0.0084663
-0.0080868
0.023189
0.048595
0.089659
0.11248
0.11359
0.13754
0.14052
0.061353
0.0055319
0.024686
0.02029
0.012586
0.052292
0.084421
0.09585
0.092414
0.054727
0.013092
-0.034612
-0.10556
-0.14754
-0.1468
-0.17485
-0.20868
-0.19204
-0.16839
-0.1221
-0.050127
-0.027968
-0.084697
-0.13062
-0.12838
-0.12751
-0.12409
-0.12764
-0.12131
-0.098852
-0.064752
-0.0087699
0.047435
0.10483
0.13671
0.10371
0.060718
0.048031
0.021306
0.0075728
0.0042107
0.022973
0.10925
0.17345
0.20637
0.2157
0.18588
0.15124
0.10467
0.092873
0.092713
0.057764
0.050073
0.053475
0.055026
0.065029
0.022571
-0.031905
-0.046462
-0.084443
-0.13328
-0.13089
-0.087315
-0.054668
-0.032017
-0.023482
-0.043981
-0.075722
-0.11693
-0.13595
-0.12502
-0.087354
-0.050534
-0.052459
-0.051307
-0.062218
-0.074557
-0.065713
-0.073204
-0.068398
-0.044524
-0.041647
-0.031752
-0.0067176
0.032151
0.046911
0.03695
0.06233
0.07905
0.063349
0.075881
0.088832
0.074739
0.085918
0.1078
0.11289
0.11854
0.10885
0.064811
0.048896
0.060871
0.060035
0.087666
0.10443
0.091842
0.091283
0.096682
0.1079
0.097682
0.072134
0.037175
-0.016954
-0.038681
-0.072488
-0.11528
-0.10661
-0.092784
-0.099726
-0.10997
-0.1068
-0.11418
-0.11872
-0.11245
-0.11603
-0.10218
-0.079077
-0.043953
0.0049159
0.031964
0.044881
0.064596
0.075694
0.059138
0.024849
0.0079828
-0.0032005
-0.014186
-0.0043516
0.015429
0.052763
0.098535
0.11388
0.10852
0.078591
0.037656
0.026469
0.040436
0.051794
0.04787
0.05373
0.049109
0.023023
0.017814
0.01299
-0.0012874
-0.0097688
-0.038472
-0.072845
-0.097778
-0.11605
-0.11564
-0.11483
-0.12531
-0.12737
-0.12712
-0.13395
-0.14133
-0.13851
-0.13147
-0.12446
-0.11822
-0.11047
-0.089969
-0.061844
-0.030371
-0.007822
-0.0023095
0.0030706
0.015414
0.0080136
-0.0088621
-0.016894
-0.019217
-0.00014256
0.027941
0.059973
0.09945
0.11478
0.11863
0.13885
0.15183
0.1433
0.14329
0.15583
0.15096
0.13489
0.11851
0.10461
0.085463
0.053767
0.027513
0.014996
-0.0056535
-0.033964
-0.051327
-0.058227
-0.073665
-0.085703
-0.075078
-0.056068
-0.045829
-0.037293
-0.025713
-0.023373
-0.030502
-0.039074
-0.046211
-0.056343
-0.060739
-0.054012
-0.05711
-0.057764
-0.038161
-0.040865
-0.055413
-0.047679
-0.042676
-0.032925
-0.02195
-0.013317
0.012067
0.024608
0.027013
0.033248
0.039299
0.043655
0.049991
0.060944
0.064552
0.06793
0.07826
0.088003
0.086686
0.078076
0.076667
0.067451
0.044457
0.029411
0.015279
0.006576
0.02348
0.044167
0.063057
0.075971
0.068803
0.05469
0.048156
0.053529
0.044778
0.022231
0.0074592
-0.0067838
-0.016211
-0.023308
-0.039367
-0.054294
-0.066737
-0.072788
-0.06674
-0.0711
-0.086402
-0.0943
-0.096411
-0.090716
-0.081646
-0.073959
-0.066501
-0.054658
-0.039842
-0.034081
-0.020439
-0.011409
-0.031633
-0.054727
-0.070544
-0.087212
-0.077968
-0.058394
-0.042983
-0.0042178
0.031918
0.046413
0.068035
0.075698
0.0643
0.058613
0.056636
0.056398
0.059948
0.06735
0.073178
0.075157
0.074927
0.076037
0.069487
0.048251
0.026955
0.01801
0.0089928
-0.00071133
-0.0067036
-0.012434
-0.017256
-0.029031
-0.038736
-0.037666
-0.042051
-0.039429
-0.023859
-0.011755
-0.0022881
0.010132
0.021783
0.030982
0.033061
0.021678
0.011774
-0.0066384
-0.027997
-0.037664
-0.043967
-0.046807
-0.044645
-0.045203
-0.045486
-0.043794
-0.039236
-0.031416
-0.025784
-0.017839
-0.0088114
0.00074255
0.0024758
-0.00025469
0.0090081
0.021114
0.023517
0.016925
0.010569
0.0055733
-0.0081667
-0.0078112
0.0046597
0.0046726
0.0063739
0.012094
0.017463
0.018709
0.013335
0.023983
0.033961
0.036096
0.0376
0.035971
0.036457
0.032142
0.023123
0.016992
0.0022574
-0.013749
-0.02689
-0.039052
-0.044405
-0.044229
-0.02951
-0.019735
-0.014222
-0.0055224
-0.007368
0.00067693
0.01564
0.025612
0.032449
0.031755
0.02545
0.015729
0.012191
0.014737
0.013831
0.013678
0.012514
0.0096157
0.013462
0.014184
0.014214
0.01722
0.01545
0.012666
0.007086
-0.0010467
-0.00017796
-0.002981
-0.0078543
-0.0056446
-0.0025491
0.0055226
0.0065993
0.0024853
-0.0048591
-0.013548
-0.016959
-0.020981
-0.026308
-0.027766
-0.029174
-0.030749
-0.025691
-0.021241
-0.015549
-0.0068961
-0.0057499
-0.010512
-0.011674
-0.015348
-0.021007
-0.024504
-0.025772
-0.018155
-0.0098358
-0.008003
-0.0087638
-0.019594
-0.024121
-0.023611
-0.025664
-0.018255
-0.010708
-0.0057872
-0.00064853
0.012863
0.034377
0.042927
0.045832
0.045021
0.041994
0.03348
0.022585
0.016734
0.0045996
-0.0030703
-0.0040136
0.0022583
0.014457
0.016599
0.012748
0.0125
0.0069973
0.0026587
0.0044267
0.0055084
0.013891
0.020355
0.016311
0.013552
0.012363
0.0051944
-0.013296
-0.032942
-0.054938
-0.065467
-0.064925
-0.066694
-0.057946
-0.04532
-0.034411
-0.025995
-0.017926
-0.0063007
-0.0034483
-0.0033402
0.00026642
0.003879
0.010133
0.013603
0.021344
0.034219
0.043511
0.044777
0.047217
0.050164
0.044715
0.039788
0.034242
0.028655
0.026806
0.026451
0.029409
0.030351
0.030978
0.03056
0.024767
0.018316
0.013147
0.0010306
-0.0096966
-0.01915
-0.030711
-0.036968
-0.043924
-0.044173
-0.039159
-0.03599
-0.034832
-0.03325
-0.031499
-0.0318
-0.032471
-0.030965
-0.025015
-0.013976
-0.0047809
-0.00033132
0.0071195
0.015951
0.018186
0.021976
0.021177
0.013623
0.011512
0.0096936
0.0038119
-0.00053871
0.0016954
-0.00044158
-0.0031182
-0.0046851
-0.0048012
-0.0014576
-0.0032983
-0.0027143
0.0040556
0.010977
0.015924
0.018517
0.020302
0.016032
0.0094278
0.011573
0.016187
0.018245
0.017333
0.014457
0.0089028
0.00039518
-0.0098871
-0.021466
-0.03618
-0.042799
-0.044947
-0.044474
-0.04047
-0.030999
-0.020431
-0.014734
-0.0051879
0.0023794
0.0026366
0.0042062
0.010063
0.01134
0.0072834
0.0050032
0.0025575
0.00052313
0.0016171
0.00065237
-0.00036273
-0.00030034
0.001964
0.0094643
0.014979
0.024128
0.038048
0.042041
0.046842
0.051528
0.048406
0.045634
0.037923
0.031658
0.025802
0.011512
0.0032013
-0.0035921
-0.010939
-0.015885
-0.015541
-0.0098967
-0.0097405
-0.013246
-0.012886
-0.0081692
-0.0064858
-0.00248
0.00026983
-0.0043062
-0.011424
-0.012326
-0.01505
-0.020598
-0.022014
-0.020683
-0.020857
-0.021095
-0.017999
-0.01593
-0.021846
-0.022055
-0.017796
-0.012023
-0.0061843
-0.0059353
-0.0016948
0.0063488
0.015671
0.023188
0.028268
0.02923
0.024262
0.015588
0.0072821
0.0021673
0.0051997
0.0047745
0.00042244
0.0027846
0.0031656
0.006412
0.015211
0.018103
0.019325
0.021346
0.021172
0.019634
0.015944
0.014664
0.014937
0.015439
0.01607
0.013525
0.0089161
0.005998
0.0033292
-0.0025178
-0.01175
-0.019496
-0.024968
-0.027632
-0.029693
-0.034931
-0.039326
-0.042316
-0.043718
-0.041187
-0.038192
-0.037098
-0.035619
-0.03415
-0.031725
-0.027305
-0.025769
-0.026339
-0.022713
-0.019339
-0.017567
-0.016078
-0.012638
-0.0058066
-0.00088061
0.0020661
0.0061374
0.011051
0.019956
0.023676
0.03084
0.039818
0.039887
0.042355
0.042135
0.041224
0.04412
0.038607
0.032711
0.027861
0.019478
0.01197
0.002014
-0.003471
-0.0011736
0.0039278
0.0030724
0.003626
0.0087715
0.010568
0.01134
0.015263
0.014291
0.014988
0.012512
0.0058244
0.0041646
0.0039309
0.0023743
0.0010494
-0.0043858
-0.0089979
-0.017847
-0.02414
-0.026978
-0.029531
-0.027579
-0.024659
-0.025431
-0.029225
-0.027201
-0.021587
-0.016292
-0.010444
-0.0024429
-0.0032804
-0.0052111
-0.0049195
-0.0065015
-0.0092325
-0.0076641
-0.00019755
0.0053038
0.0082296
0.015867
0.019006
0.025731
0.030519
0.029796
0.033359
0.030562
0.025559
0.026363
0.026576
0.026686
0.027295
0.026688
0.024795
0.018753
0.012643
0.0033299
-0.010701
-0.017727
-0.017904
-0.021655
-0.030215
-0.03604
-0.041415
-0.046179
-0.044695
-0.042331
-0.037777
-0.031996
-0.025448
-0.016305
-0.0065308
-0.0021615
0.0021421
0.0047536
0.0031788
0.0047224
0.0040939
0.0021206
-0.00113
-0.0041192
-0.0041155
-0.0039359
-0.00033039
0.0040473
0.0024438
0.0035072
0.0025968
0.0044034
0.0088215
0.012148
0.015685
0.014503
0.0084771
0.0031668
-0.0011783
-0.0023386
-0.0031171
-0.0095733
-0.014981
-0.016853
-0.019203
-0.018531
-0.013788
-0.0056649
-0.00012734
0.0027784
0.0072466
0.0093078
0.015013
0.019716
0.02209
0.022469
0.022458
0.021111
0.018138
0.01589
0.012358
0.0086042
0.006937
0.0042469
0.0025862
0.0025253
0.0030009
0.004591
0.010933
0.019019
0.020011
0.023039
0.023633
0.021975
0.01939
0.014052
0.011416
0.0099193
0.0010676
-0.004875
-0.0085137
-0.016583
-0.021634
-0.024386
-0.02375
-0.023759
-0.027768
-0.027187
-0.026814
-0.027005
-0.020287
-0.016643
-0.016526
-0.013076
-0.012561
-0.01725
-0.019342
-0.017435
-0.015966
-0.013747
-0.010314
-0.0071647
-0.00027616
0.0016499
0.0045755
0.008378
0.006691
0.0067106
0.0085937
0.010547
0.013678
0.013798
0.015953
0.015348
0.016448
0.018244
0.014863
0.015074
0.015202
0.01268
0.0099519
0.0098373
0.0061927
-0.003556
-0.01409
-0.02043
-0.019919
-0.01614
-0.014579
-0.011842
-0.012144
-0.012156
-0.0081624
-0.0055311
-0.0058781
-0.0049772
-0.0055927
-0.0036749
0.001549
0.005291
0.0062004
0.0073277
0.012859
0.01671
0.018256
0.020099
0.023361
0.024291
0.023362
0.020876
0.017325
0.015684
0.017449
0.018724
0.02144
0.021811
0.020777
0.022792
0.021857
0.019324
0.017728
0.013351
0.007335
0.00049131
-0.0053415
-0.011015
-0.021244
-0.025862
-0.026636
-0.030122
-0.03159
-0.033831
-0.032694
-0.029146
-0.033974
-0.037875
-0.038708
-0.038248
-0.036731
-0.030639
-0.024961
-0.020011
-0.015912
-0.012903
-0.0075766
-0.0048716
-0.0047406
-7.3989e-05
0.0050221
0.0073023
0.011874
0.014641
0.015936
0.018519
0.023281
0.028525
0.029473
0.029465
0.030014
0.028014
0.028815
0.02905
0.028524
0.028952
0.027506
0.023691
0.019314
0.01555
0.012749
0.010837
0.011775
0.0095586
0.004237
0.0014722
0.00053903
-0.0021569
-0.0058885
-0.0067111
-0.010753
-0.016361
-0.01676
-0.02048
-0.023358
-0.023618
-0.030386
-0.030313
-0.031466
-0.035274
-0.035034
-0.036162
-0.037743
-0.037645
-0.03922
-0.038425
-0.032961
-0.030868
-0.029645
-0.02906
-0.027511
-0.020252
-0.013267
-0.0075285
-0.0032659
-0.00014003
0.0066745
0.011826
0.01642
0.022002
0.026719
0.028876
0.030234
0.034439
0.039038
0.037725
0.035735
0.03669
0.037846
0.036238
0.033912
0.033798
0.031806
0.027824
0.024908
0.022389
0.018846
0.016366
0.01657
0.016266
0.01625
0.016026
0.010548
0.0051759
0.0011844
-0.0047315
-0.011158
-0.014629
-0.016934
-0.017023
-0.014186
-0.0079513
-0.0038563
-0.0027426
-0.00027588
0.00068796
-0.0020549
-0.0038476
-0.0086272
-0.014305
-0.017155
-0.018481
-0.017511
-0.018339
-0.020059
-0.018241
-0.014571
-0.012221
-0.011484
-0.01123
-0.010768
-0.012768
-0.01272
-0.010981
-0.0098439
-0.0071715
-0.0020361
-0.00069997
0.00045726
0.0033103
0.0032617
0.0060523
0.0097873
0.009695
0.010206
0.0089956
0.010439
0.008695
0.0042439
0.0049365
0.0053734
0.0052271
0.002669
-0.0012724
0.0015292
0.0022174
-0.0035169
-0.0031123
-0.0014868
0.0001529
-0.0011702
-0.0020149
-0.0016338
-0.0017614
-0.00088244
-0.001397
-0.0016193
-0.0051989
-0.011464
-0.0099878
-0.0090808
-0.0053644
0.00076347
-0.0019568
-0.0011077
-0.00023678
-0.000863
-0.0003846
-0.00053823
0.00044899
-9.031e-05
-0.0017914
-0.0015118
-0.0014934
0.00088462
0.00075895
-0.0019616
0.00057082
0.0019715
-0.0011376
-0.0017161
-0.00068889
-0.0015317
-0.0022728
-0.0031246
-0.0037928
-0.0020781
-3.5895e-06
-0.0029751
-0.0069582
-0.0062202
-0.0023168
-0.0029739
0.00021634
0.00088829
0.00064097
0.0025289
0.0031017
0.0072607
0.012997
0.014438
0.013871
0.013821
0.013599
0.014459
0.015948
0.017132
0.018427
0.015784
0.014004
0.013572
0.010885
0.0082083
0.0015048
-0.0027014
-0.0008919
-0.0014645
-0.0015804
-0.00089176
-4.5424e-05
-0.00029006
-0.0035553
-0.0090876
-0.015555
-0.019387
-0.025831
-0.025235
-0.024305
-0.026363
-0.024404
-0.022189
-0.015924
-0.011141
-0.011068
-0.0063796
-0.0034244
-0.0024438
-0.00050366
-0.0004483
0.001189
0.00058803
0.0017196
0.0033662
0.002628
0.0042062
0.0051902
0.0046757
0.0086648
0.014331
0.018333
0.01694
0.01606
0.016582
0.015267
0.014063
0.0084526
0.0031613
0.0051687
0.0033717
0.0010856
-0.0013346
-0.0039719
-0.0041417
-0.0060811
-0.0069329
-0.0077475
-0.0078871
-0.0068013
-0.0039349
-0.00076518
0.00091916
0.0027653
0.0049366
0.0046599
0.0040586
0.0042498
0.0036247
0.0013133
-0.0014135
0.00011847
0.0010297
0.0010605
0.0023523
0.0016075
0.0019194
0.0027746
0.0033125
0.0036594
0.0022903
0.0022544
0.0025014
0.0017441
0.00025666
-0.00054318
-0.00026467
-0.0009912
-0.0020661
-0.00203
-0.0024038
-0.0027614
-0.0031934
-0.0034888
-0.0031773
-0.002911
-0.0028618
-0.0027631
-0.0024109
-0.0019099
-0.0016164
-0.0012707
-0.00097315
-0.00070382
-0.00045677
-0.00038233
-0.00031953
0
0
0
0
0
0
0
0
0
0
0
0
0
0
0
0
0
0
0
0
0
0
0
0
0
0
0
0
0
0
0
0
0
0
0
0
0
0
0
0
0
0
0
0
0
0
0
0
0
0
0
0
0
0
0
0
0
0
0
0
0
0
0
0
0
0
0
0
0
0
0
0
0
0
0
0
0
0
0
0
0
0
0
0
0
0
0
0
0
0
0
0
0
0
0
0
0
0
0
0
0
0
0
0
0
0
0
0
0
0
0
0
0
0
0
0
0
0
0
0
0
0
0
0
0
0
0
0
0
0
0
0
0
0
0
0
0
0
0
0
0
0
0
0
0
0
0
0
0
0
0
0
0
0
0
0
0
0
0
0
0
0
0
0
0
0
0
0
0
0
0
0
0
0
0
0
0
0
0
0
0
0
0
0
0
0
0
0
0
0
0
0
0
0
0
0
0
0
0
0
0
0
0
0
0
0
0
0
0
0
0
0
0
0
0
0
0
0
0
0
0
0
0
0
0
0
0
0
0
0
0
0
0
0
0
0
0
0
0
0
0
0
0
0
0
0
0
0
0
0
0
0
0
0
0
0
0
0
0
0
0
0
0
0
0
0
0
0
0
0
0
0
0
0
0
0
0
0
0
0
0
0
0
0
0
0
0
0
0
0
0
0
0
0
0
0
0
0
0
0
0
0
0
0
0
0
0
0
0
0
0
0
0
0
0
0
0
0
0
0
0
0
0
0
0
0
0
0
0
0
0
0
0
0
0
0
0
0
0
0
0
0
0
0
0
0
0
0
0
0
0
0
0
0
0
0
0
0
0
0
0
0
0
0
0
0
0
0
0
0
0
0
0
0
0
0
0
0
0
0
0
0
0
0
0
0
0
0
0
0
0
0
0
0
0
0
0
0
0
0
0
0
0
0
0
0
0
0
0
0
0
0
0
0
0
0
0
0
0
0
0
0
0
0
0
0
0
0
0
0
0
0
0
0
0
0
0
0
0
0
0
0
0
0
0
0
0
0
0
0
0
0
0
0
0
0
0
0
0
0
0
0
0
0
0
0
0
0
0
0
0
0
0
0
0
0
0
0
0
0
0
0
0
0
0
0
0
0
0
0
0
0
0
0
0
0
0
0
0
0
