-1.3117e-05
-1.0202e-05
-1.44e-05
-2.112e-05
-1.7977e-05
-2.4303e-05
-1.8647e-05
-1.0124e-05
-1.5234e-05
-2.3706e-05
-2.3228e-05
-1.1598e-05
-2.2247e-05
-3.0387e-05
-4.6455e-06
9.1334e-06
-2.8973e-05
-1.9872e-05
-3.3924e-06
-1.0663e-05
-1.0581e-05
-2.8834e-05
-3.6045e-05
-2.1712e-05
-1.6981e-05
-1.902e-05
2.0633e-05
-2.9566e-05
-3.4282e-05
1.0358e-05
-2.0223e-06
-1.8395e-05
-3.0935e-05
-3.2515e-05
-3.3797e-05
6.8324e-06
1.8464e-05
-3.1036e-05
-2.9371e-07
4.92e-06
-6.5542e-05
7.6987e-06
3.9638e-05
-2.4813e-05
-9.4508e-06
6.0351e-06
1.6443e-05
2.7276e-05
2.1395e-05
1.0064e-07
1.6219e-05
-2.9039e-06
-2.6876e-05
-1.4524e-05
-8.5257e-06
8.481e-06
2.9049e-05
4.3657e-05
3.2583e-05
5.4257e-06
6.4058e-06
1.3184e-05
3.1999e-05
1.8922e-05
2.0972e-05
8.2231e-05
6.4294e-05
-2.3455e-06
-8.9458e-05
-3.0828e-05
-6.0324e-05
2.1945e-05
0.00024956
0.00028174
0.00034361
0.00018402
3.0296e-05
-1.0677e-05
2.9505e-05
0.00023365
0.00046217
0.000336
0.00047428
0.00061072
0.00027445
0.00057695
0.00063997
0.0010484
0.00084122
0.00040107
0.0014641
0.00039532
-0.00045337
0.001487
0.0015181
0.0013511
0.0019642
0.002127
0.0030394
0.00057813
-0.00061286
0.0029858
0.0017193
-0.0010003
0.0011953
0.00054156
-0.0012605
0.0012731
0.0042791
0.0055363
0.00095468
-0.0029377
0.0024486
0.0020065
-0.0016184
0.00029026
-0.00025266
0.00064094
-0.001243
-0.0010248
0.0022344
-0.0016516
-0.0026419
-0.00035007
-0.0016167
-0.0045413
-0.0046834
-0.0057313
-0.0075886
-0.004255
-0.0026997
0.00069371
0.00083962
-0.0040576
0.00059769
-0.0026593
-0.0053511
-0.00036144
-0.0048221
-0.0033447
-0.0085741
-0.011635
-0.00027386
-0.0032902
-0.0065944
0.0031691
0.0049051
0.0032236
0.0018939
-0.002541
0.0017291
0.0076271
0.01302
0.016973
0.0075034
-0.0040751
-0.0045704
-0.0037836
0.00015457
-0.00049244
-0.010134
-0.0035077
-0.0047561
-0.011508
-0.0023332
0.0029086
0.0078926
0.018271
0.011434
-0.0049997
0.0012217
0.011575
0.0060836
-0.00091532
0.0065894
0.010527
-0.012292
-0.01752
-0.0067456
-0.0027236
0.022576
0.042605
0.028794
0.0035723
-0.017913
-0.011698
-0.0019051
-0.0051906
0.012481
0.01713
-0.0038779
-0.0070089
-0.011591
-0.028781
-0.02036
-0.0003906
0.0089042
0.0030433
0.0036391
0.0087706
-0.0013936
-0.010899
-0.013924
-0.0021772
0.011739
0.0063583
-0.014005
-0.018524
-0.019145
-0.023547
-0.025981
-0.017406
-0.0073652
-0.0079714
-0.012666
-0.0031221
0.013594
0.017191
0.014194
0.0056008
-0.0054741
-0.015771
-0.020492
-0.023506
-0.013022
0.00032377
-0.0022276
-0.0034355
0.0010068
0.0069252
0.015158
0.023307
0.019231
-0.0014093
-0.017548
-0.018567
-0.0024865
0.0023164
-0.0077655
-0.024069
-0.032095
-0.010965
0.0045197
-0.019918
-0.020683
-0.017726
-0.0091291
0.0040416
-0.0054987
-0.0055273
0.015403
0.028833
0.041752
0.035963
0.017696
0.0074616
-0.010992
-0.011942
0.0016237
0.026033
0.035929
0.016356
0.0065289
0.010765
0.005006
-0.0049388
0.019265
0.045558
0.045083
0.030685
-0.0073868
-0.037655
-0.030803
-0.038965
-0.033318
-0.0011329
0.013824
0.0013129
0.02075
0.05412
0.04085
0.023299
-0.01036
-0.022218
-0.0027804
0.00071146
0.0064987
0.038671
0.058548
0.053902
0.037995
0.01928
0.0039165
-0.0062757
-0.029187
-0.027642
0.01541
-0.0019534
-0.020394
0.014343
0.004923
-0.022188
-0.020532
-0.014501
-0.020696
-0.035681
-0.033904
-0.033777
-0.011452
0.019687
0.0059483
0.014788
0.027924
0.030601
0.024864
-0.0075052
-0.014602
0.0011599
0.014906
-0.0003155
-0.00054783
-0.0030026
-0.0084845
0.014289
0.009641
-0.0093727
-0.025354
-0.015223
0.0040348
0.032956
0.041751
0.0010437
-0.012202
-0.0328
-0.030252
-0.013005
-0.024024
-0.015182
-0.0038153
-0.0061007
0.0078539
-0.011509
-0.057157
-0.052639
-0.019069
0.01686
0.032046
0.017432
-0.0048508
0.027022
0.06777
0.066339
0.057686
0.049564
0.014602
-0.027265
-0.024344
-0.01078
-0.0025525
0.017782
0.022461
0.010498
-0.00030419
0.0015013
-0.016401
-0.035196
-0.00082807
0.0089841
-0.0045078
-0.016887
-0.01565
-0.00026938
-0.011363
-0.032162
-0.039473
-0.036692
-0.02804
0.0039175
0.010368
-0.013935
-0.02539
-0.051906
-0.079187
-0.06995
-0.029506
0.0099539
0.036036
0.044378
0.033501
0.022477
0.054515
0.11034
0.075558
0.023539
0.021295
0.0061977
-0.038703
-0.083015
-0.086445
-0.10559
-0.11407
-0.061069
-0.014908
0.0057973
0.0074382
0.00014634
0.011912
0.04075
0.053807
0.043572
0.0031939
-0.029302
-0.028698
-0.018212
0.012719
0.0091605
-0.0025461
0.023311
0.048796
0.064906
0.072602
0.092704
0.083783
0.053381
0.046032
0.021224
-0.0075093
-0.019419
-0.077889
-0.14594
-0.16501
-0.11667
-0.079206
-0.081771
-0.04315
-0.02507
-0.076871
-0.056499
0.013113
0.050862
0.058734
0.034518
0.054861
0.10837
0.1233
0.022692
-0.12597
-0.20392
-0.18805
-0.075983
0.0651
0.074212
0.044525
0.093376
0.11023
0.14456
0.18789
0.13829
0.099392
0.053713
-0.018468
-0.026002
-0.10237
-0.22324
-0.22821
-0.20969
-0.18245
-0.12496
-0.06709
-0.029874
-0.033353
-0.03377
-0.016987
0.018033
0.084106
0.11229
0.1361
0.17274
0.1926
0.19622
0.18496
0.21047
0.25342
0.22713
0.10213
-0.019352
0.004589
0.094581
0.1009
0.065023
0.04416
0.03662
0.052292
0.031944
-0.076368
-0.19106
-0.32457
-0.39759
-0.2868
-0.12318
-0.058673
-0.0615
-0.07414
0.0052611
0.0319
0.015981
0.059363
0.050237
0.10189
0.12237
0.10946
0.1076
-0.019821
-0.13302
-0.092189
0.02738
0.1038
0.096083
-0.00059094
-0.12403
-0.13326
-0.074551
-0.018623
-0.08999
-0.18953
-0.059408
0.096727
0.17707
0.087086
-0.064098
-0.020985
0.067575
0.1639
0.21407
0.18428
0.16032
0.072023
0.026725
0.054637
0.080178
0.049728
-0.080165
-0.18352
-0.17733
-0.038047
0.11203
0.069636
-0.089108
-0.15131
-0.062208
-0.03586
-0.15694
-0.23322
-0.17143
0.0084772
0.22036
0.25458
0.16039
0.1202
0.086446
-0.043918
-0.10148
-0.070992
-0.11732
-0.22582
-0.2892
-0.19077
-0.1094
-0.14147
-0.17398
-0.21154
-0.19531
-0.017799
0.22043
0.23544
0.10635
0.10338
0.22919
0.20691
0.04617
-0.034916
-0.1674
-0.28357
-0.25167
-0.13716
0.044205
0.11656
0.13278
0.22031
0.23736
0.20103
0.1759
0.1126
0.042672
0.0157
-0.025824
-0.079928
-0.11156
-0.10228
-0.1169
-0.1991
-0.26277
-0.25182
-0.21876
-0.16468
-0.068752
0.067554
0.12347
0.13328
0.13919
0.09901
0.11253
0.11814
0.064603
0.069551
0.071613
0.01942
-0.042242
-0.099779
-0.10526
-0.040813
-0.0096675
-0.035832
0.00071904
0.092955
0.12099
0.12018
0.12893
0.099766
0.093625
0.070891
0.012014
-0.037866
-0.042143
-0.061382
-0.15439
-0.18754
-0.17861
-0.18714
-0.10844
0.0397
0.17844
0.24034
0.19024
0.15076
0.17255
0.15062
0.085201
0.010814
-0.11647
-0.21312
-0.1963
-0.12231
-0.05743
-0.014955
0.0029238
-0.018235
-0.033039
6.1461e-05
0.058
0.081419
0.036825
0.014911
0.018433
0.044612
0.15687
0.26025
0.28109
0.30254
0.34311
0.31491
0.18856
0.073187
0.042789
0.049471
0.050958
0.041699
0.049132
0.049887
0.0028979
-0.086498
-0.15619
-0.193
-0.23294
-0.23897
-0.20243
-0.17789
-0.17362
-0.14279
-0.068021
-0.0090544
0.011454
0.013769
-0.045597
-0.14446
-0.15775
-0.080092
-0.027892
-0.0058028
0.038945
0.076854
0.082249
0.058391
0.035911
0.053983
0.090452
0.11544
0.13579
0.16625
0.18602
0.16403
0.10959
0.023055
-0.062452
-0.1168
-0.16729
-0.19044
-0.18229
-0.16984
-0.14415
-0.13073
-0.17855
-0.27053
-0.31116
-0.28247
-0.21447
-0.16276
-0.12143
-0.088368
-0.092089
-0.088642
-0.045669
0.015873
0.076201
0.11321
0.14009
0.19958
0.25014
0.24831
0.23773
0.21081
0.12324
0.025212
-0.029064
-0.04403
-0.039863
-0.028102
0.0077051
0.02777
0.0016241
-0.0045638
0.020677
0.041583
0.019005
-0.068396
-0.15224
-0.1813
-0.16
-0.082797
0.017449
0.098713
0.173
0.22152
0.23235
0.23525
0.2183
0.17603
0.10419
0.044559
0.036429
0.051776
0.068426
0.066554
0.054037
0.039463
0.0095789
-0.017159
-0.021837
-0.047052
-0.10525
-0.11981
-0.099265
-0.12961
-0.17971
-0.15871
-0.098351
-0.058808
-0.052149
-0.064045
-0.053888
-0.033947
-0.027389
-0.033892
-0.034379
-0.049571
-0.0957
-0.11703
-0.10948
-0.085665
-0.018442
0.043388
0.036643
0.0070104
0.010278
0.020823
0.025695
0.034608
0.019245
-0.010687
-0.030647
-0.017025
0.032077
0.047689
0.025255
0.021869
0.032305
0.046104
0.053489
0.0593
0.05436
0.0079337
-0.044562
-0.060288
-0.060438
-0.057862
-0.04108
-0.03721
-0.064566
-0.072901
-0.033625
0.031554
0.084843
0.099322
0.093646
0.10745
0.11283
0.065903
0.008027
-0.027694
-0.048842
-0.049559
-0.021595
0.043671
0.10108
0.12655
0.1319
0.096885
0.056787
0.043124
0.0067756
-0.04777
-0.095078
-0.12773
-0.13447
-0.12394
-0.084285
-0.040691
-0.012583
0.018076
0.028974
0.028532
0.029935
0.02924
0.022991
-0.0012333
-0.048261
-0.083482
-0.06244
0.0262
0.13549
0.18808
0.2023
0.18799
0.14542
0.097167
0.0156
-0.085839
-0.15636
-0.19391
-0.19595
-0.15661
-0.11532
-0.080028
-0.044205
-0.010867
0.017417
0.039701
0.060186
0.088185
0.10705
0.089628
0.047581
0.035774
0.063033
0.080304
0.099545
0.12341
0.11159
0.079929
0.070001
0.078551
0.034837
-0.059537
-0.11146
-0.13339
-0.16186
-0.16487
-0.15701
-0.16436
-0.13522
-0.057735
0.0096476
0.066916
0.065501
0.015799
-0.009241
-0.011416
0.031062
0.090677
0.099249
0.10417
0.11943
0.088951
0.05942
0.066566
0.079322
0.07268
0.028619
-0.006822
-0.030849
-0.076473
-0.1176
-0.12961
-0.13426
-0.13327
-0.097288
-0.034107
0.0030271
-0.0058601
-0.030201
-0.025106
0.00054952
0.006281
-0.012219
-0.0097946
0.0081334
0.025178
0.026637
-0.018286
-0.05616
-0.064201
-0.049429
-0.010111
0.037075
0.049335
-0.0074022
-0.052123
-0.071734
-0.092704
-0.08594
-0.038954
0.026568
0.082204
0.12322
0.14429
0.12052
0.068079
0.03067
0.023045
0.013206
-0.017813
-0.035584
-0.012278
0.0091097
-0.0016496
-0.013011
-0.018838
-0.029447
-0.026238
0.0012775
0.0082624
-0.025764
-0.049777
-0.049167
-0.052945
-0.047957
-0.020213
-0.0081362
0.00453
0.041201
0.081907
0.10356
0.087207
0.041218
0.0098116
0.00062139
-0.008486
-0.013805
-0.010677
-0.0055659
0.018748
0.057408
0.085189
0.089644
0.064251
0.01691
-0.034073
-0.076353
-0.10937
-0.10908
-0.063242
-0.016102
0.0008349
0.014092
0.017462
0.011431
0.011496
-0.017181
-0.044982
-0.0449
-0.023513
0.0087389
-0.016437
-0.061829
-0.063755
-0.066856
-0.063313
-0.030897
-0.0027118
0.029986
0.073355
0.07763
0.039016
-0.0099926
-0.05794
-0.062533
-0.013079
0.054126
0.10119
0.11636
0.11512
0.079567
0.046133
0.054684
0.054429
0.029041
0.034567
0.054109
0.037053
0.011136
-0.015607
-0.036149
-0.019202
-0.0029926
0.0037935
-0.0029554
-0.031818
-0.030802
-0.008036
0.0088868
0.044075
0.071603
0.0686
0.037564
-0.016192
-0.043868
-0.041968
-0.054084
-0.059628
-0.057025
-0.065962
-0.06287
-0.038243
-0.0030543
0.032881
0.043848
0.029282
-0.0029015
-0.038165
-0.040091
-0.028091
-0.030299
-0.030547
-0.031702
-0.038955
-0.038671
-0.04312
-0.066785
-0.11077
-0.12394
-0.07872
-0.031547
-0.0012183
0.030548
0.04589
0.031549
0.022217
0.016218
-0.0078352
-0.014243
-0.011624
-0.020649
-0.021239
-0.022162
-0.024449
-0.033602
-0.045475
-0.030316
-0.016473
-0.0095589
0.026504
0.055024
0.045615
0.01918
0.00065371
0.012672
0.030988
0.027091
0.016091
-0.0022066
-0.01664
4.9598e-05
0.020506
0.016574
0.016459
0.034809
0.058874
0.070442
0.073635
0.076265
0.060853
0.037123
0.011339
0.0065891
0.039322
0.05851
0.047209
0.023843
-0.020685
-0.059056
-0.021741
0.055702
0.10806
0.13585
0.11188
0.056399
0.021625
-0.020986
-0.072889
-0.080959
-0.040924
-0.013927
-0.0053708
0.034196
0.041535
-0.042425
-0.095143
-0.067506
-0.038725
-0.0051918
0.035044
0.040386
0.012412
-0.034423
-0.05812
-0.055939
-0.071622
-0.053802
0.018007
0.071313
0.082031
0.075225
0.065088
0.04335
0.065376
0.12545
0.12743
0.093402
0.079748
0.042914
-0.022891
-0.081163
-0.15088
-0.22367
-0.28037
-0.29081
-0.19783
-0.081093
-0.026052
0.015351
0.036499
0.025009
0.036879
0.050667
0.036644
0.017019
-0.0060039
-0.014989
-0.0039179
-0.017574
-0.048984
-0.0085147
0.026291
-0.031399
-0.036269
0.044569
0.057274
-0.033412
-0.072304
-0.033759
-0.022026
0.037518
0.17107
0.22408
0.17845
0.13029
0.068525
-0.06122
-0.22351
-0.34617
-0.34361
-0.2272
-0.078171
0.015814
0.066503
0.14833
0.20136
0.19863
0.11655
-0.015018
-0.047191
-0.018731
-0.0096909
-0.014752
-0.032382
-0.01845
0.052658
0.12056
0.1498
0.15348
0.10953
0.048843
0.013624
-0.0020584
-0.019125
-0.048024
-0.054961
-0.02818
0.007585
0.023739
0.023949
0.013211
-0.0094489
-0.018924
0.025363
0.086477
0.09883
0.04512
-0.068019
-0.14807
-0.1527
-0.11106
-0.07576
-0.075852
-0.060178
-0.028235
-0.01292
-0.007325
-0.016487
-0.026411
-0.014118
0.029344
0.095132
0.12543
0.12908
0.12008
0.083294
0.047613
0.012433
-0.0095551
0.0031817
0.011303
0.0024098
-0.0021411
-0.02885
-0.075866
-0.087546
-0.063964
-0.035651
-0.024791
-0.038406
-0.050149
-0.020969
0.043882
0.08536
0.06299
-0.00076983
-0.058784
-0.083998
-0.080007
-0.070937
-0.056075
-0.044375
-0.042143
-0.025881
0.015367
0.047055
0.0481
0.056209
0.086206
0.12043
0.14898
0.15105
0.10462
0.04074
-0.0056567
-0.038547
-0.063112
-0.082735
-0.10614
-0.13149
-0.14452
-0.13221
-0.093941
-0.068272
-0.076356
-0.073107
-0.038798
0.0074899
0.057632
0.077865
0.06605
0.047772
0.024205
0.013053
0.011584
-0.00078813
-0.010479
0.0033957
0.028044
0.02564
-0.0024329
-0.027406
-0.028551
0.00057372
0.02716
0.024859
0.02453
0.038933
0.056371
0.079764
0.095126
0.088654
0.070576
0.047909
0.03326
0.025672
0.027035
0.038768
0.04779
0.045682
0.02868
0.008625
-0.017111
-0.038883
-0.039093
-0.031197
-0.029122
-0.024192
-0.017209
-0.030074
-0.044599
-0.041145
-0.03646
-0.03804
-0.04172
-0.053496
-0.05307
-0.042267
-0.042497
-0.040532
-0.03343
-0.019578
0.010011
0.033134
0.046927
0.061448
0.073612
0.089767
0.094591
0.080361
0.071181
0.072842
0.070413
0.06753
0.056218
0.018326
-0.028024
-0.066739
-0.10656
-0.13617
-0.15578
-0.17026
-0.16055
-0.13316
-0.088629
-0.030213
0.019143
0.05841
0.083464
0.09312
0.09762
0.088752
0.065847
0.04492
0.026413
0.011729
0.022252
0.046632
0.058731
0.057215
0.043957
0.0082414
-0.038258
-0.06726
-0.078195
-0.082744
-0.086105
-0.078754
-0.056277
-0.037563
-0.035987
-0.047446
-0.056149
-0.057995
-0.049608
-0.029341
-0.0003016
0.021163
0.030469
0.039119
0.033241
0.020326
0.0074525
-0.019402
-0.038856
-0.028539
-0.008262
0.004453
0.024908
0.047885
0.052053
0.051125
0.05
0.036239
0.01638
0.0068644
0.0099105
0.015128
0.019669
0.018496
0.010898
0.0013652
-0.0084168
-0.013198
-0.013674
-0.0112
-0.0042413
-0.00044734
-0.0022398
-0.00054065
0.0012155
0.0043782
0.013895
0.023425
0.030383
0.037054
0.040923
0.032304
0.0084099
-0.016971
-0.033929
-0.04212
-0.036399
-0.029709
-0.032595
-0.03481
-0.027454
-0.019046
-0.015104
-0.0071895
0.009833
0.023202
0.025747
0.030672
0.041022
0.043686
0.03985
0.027158
0.0020826
-0.0095475
0.0025217
0.013763
0.01253
0.0083975
0.0015977
-0.0008957
0.0032167
0.00098765
-0.0079454
-0.019338
-0.028505
-0.032387
-0.042184
-0.056236
-0.064267
-0.066629
-0.05592
-0.031129
-0.013416
-0.0017162
0.019392
0.043427
0.062597
0.06758
0.049188
0.028592
0.030081
0.034257
0.027937
0.023447
0.016496
0.00092365
-0.014155
-0.025815
-0.032881
-0.026844
-0.019854
-0.01495
-0.0084757
-0.0049356
0.0042575
0.010998
0.0080882
0.0061139
0.0053295
0.0049785
0.0048827
-0.006041
-0.016397
-0.0088242
0.0059924
0.017311
0.026379
0.037055
0.047201
0.054758
0.059575
0.051574
0.0348
0.020393
0.0090809
-0.0010709
-0.010136
-0.019897
-0.029405
-0.036894
-0.038818
-0.035724
-0.026899
-0.013891
-0.0083834
-0.017051
-0.026677
-0.029349
-0.036177
-0.045195
-0.04849
-0.044248
-0.030964
-0.0093198
0.015284
0.036621
0.044523
0.03558
0.020135
0.0073567
0.0066647
0.016836
0.021684
0.017291
0.010436
0.0029444
-0.0018645
-0.0048632
-0.0093795
-0.0096569
-0.010141
-0.01656
-0.022709
-0.033254
-0.045897
-0.047187
-0.042628
-0.038343
-0.0308
-0.022514
-0.014201
-0.0028556
0.0082893
0.016964
0.025592
0.033782
0.03863
0.033103
0.022973
0.019715
0.017107
0.014443
0.021757
0.02255
0.01133
-0.0010509
-0.014297
-0.023238
-0.027871
-0.032033
-0.032218
-0.023379
-0.009695
0.0010101
0.0064707
0.0066443
0.0026848
0.0029849
0.010843
0.01953
0.023812
0.022176
0.013799
0.007068
0.0048708
0.0039897
0.0085745
0.019834
0.028687
0.032486
0.034097
0.033596
0.029293
0.024094
0.02368
0.02296
0.019345
0.015593
0.010778
0.0049381
-0.0011353
-0.001702
0.0020779
-0.0048504
-0.020205
-0.025871
-0.019016
-0.015394
-0.020402
-0.028461
-0.031833
-0.031018
-0.031952
-0.031117
-0.030629
-0.028944
-0.018987
-0.011726
-0.014259
-0.012296
0.0007301
0.013558
0.020054
0.023646
0.027409
0.025399
0.02136
0.023993
0.020023
0.0037852
-0.0088855
-0.014057
-0.019804
-0.023948
-0.025288
-0.0245
-0.021986
-0.024884
-0.031509
-0.035386
-0.0355
-0.035994
-0.03239
-0.017426
-0.001223
0.0057267
0.01009
0.018168
0.022309
0.019584
0.018016
0.018753
0.015483
0.0096377
0.0071621
0.0058854
0.0067655
0.011179
0.012439
0.0091677
0.0046394
-0.0010623
-0.0035798
0.0041183
0.012599
0.0094925
0.0021027
0.00055503
-0.0029925
-0.0095803
-0.0087536
-0.0022386
0.0026248
0.0054521
0.0089659
0.013462
0.015503
0.015071
0.013223
0.011093
0.014273
0.018408
0.016046
0.0094825
0.0015537
-0.0071179
-0.0080993
-0.0037345
-0.00069961
0.0062333
0.015173
0.023975
0.032842
0.033059
0.028687
0.030056
0.032024
0.031688
0.028913
0.019888
0.0058942
-0.0021687
-0.0027811
-0.0075692
-0.011503
-0.0068766
-0.0038038
-0.0064632
-0.011679
-0.018108
-0.02394
-0.029559
-0.032467
-0.03107
-0.030311
-0.034516
-0.040483
-0.040324
-0.033727
-0.027395
-0.025017
-0.024619
-0.022838
-0.019492
-0.017625
-0.017965
-0.017249
-0.011287
-0.004988
-0.0032094
0.0034629
0.017416
0.029057
0.030834
0.028972
0.026202
0.018785
0.012321
0.0073905
-0.00048714
-0.0035715
0.00018228
0.0063938
0.014377
0.022639
0.028921
0.029712
0.028759
0.02928
0.024425
0.015508
0.0083094
0.0032529
-0.0021863
-0.0073185
-0.0099787
-0.018393
-0.03162
-0.040351
-0.042378
-0.039095
-0.031672
-0.023297
-0.014518
-0.007968
-0.0057414
-0.0029697
-0.0012482
-0.0064319
-0.014347
-0.014858
-0.0071147
-0.0027592
0.00090992
0.0047389
0.0042202
0.0064168
0.01076
0.012719
0.01334
0.014546
0.017436
0.019307
0.015756
0.0098922
0.004181
0.00091575
0.00085691
-0.00029566
0.0024041
0.0077973
0.0081948
0.0064597
0.0082826
0.0085855
0.0059366
0.0085555
0.016334
0.021139
0.021683
0.022876
0.021922
0.015059
0.00018448
-0.016856
-0.027255
-0.030485
-0.030758
-0.029601
-0.022612
-0.0098224
0.00098803
0.0063867
0.0061384
-0.0003475
-0.0058276
-0.0076186
-0.0093969
-0.007617
-0.0013755
0.0034958
0.0044488
0.006884
0.011717
0.016874
0.020128
0.019998
0.018117
0.014118
0.0082312
0.0045001
0.0025061
0.0001809
-0.0023397
-0.0054217
-0.008688
-0.0089298
-0.0046569
-0.00077436
-0.00089782
-0.0040253
-0.0048467
-0.00355
-0.002694
-0.0030994
-0.0084119
-0.015479
-0.022257
-0.027062
-0.025856
-0.021193
-0.017682
-0.018831
-0.019348
-0.011347
-0.0021341
-0.00012578
0.00050054
0.00078941
-0.00094038
0.0017548
0.0084471
0.012075
0.010898
0.010533
0.010406
0.0072164
0.0024181
0.00054128
0.002642
0.0055227
0.0099407
0.014703
0.019218
0.02319
0.023312
0.020052
0.015546
0.011639
0.0089361
0.0077481
0.0053709
0.0017981
0.0019395
0.0062376
0.0085581
0.0083237
0.0079492
0.0065177
0.0066758
0.0066955
0.0029291
-0.0032402
-0.0083582
-0.0085196
-0.0028397
0.0069662
0.016978
0.021265
0.01899
0.012731
0.0042274
-0.003592
-0.010354
-0.015964
-0.018453
-0.01775
-0.018122
-0.020981
-0.021601
-0.022194
-0.025653
-0.025953
-0.020215
-0.012101
-0.0069132
-0.0033633
-0.00010362
0.0015008
0.0029697
0.0032409
0.00098549
0.00056187
-0.00020527
-0.0080653
-0.010725
-0.0068955
-0.0037597
-0.005089
-0.0057875
-0.0038828
-0.0035298
-0.0034325
-0.0038523
-0.0059269
-0.010343
-0.01412
-0.013249
-0.0099292
-0.0089818
-0.0095781
-0.0080346
-0.0025189
0.0069928
0.017014
0.021316
0.020606
0.019293
0.014732
0.0081913
0.0058729
0.0061435
0.0034524
-0.00086159
-0.0026313
-0.0022058
-0.0065133
-0.014168
-0.018076
-0.020822
-0.020422
-0.017379
-0.018448
-0.018616
-0.014039
-0.0080728
-0.0020319
0.0017729
0.0042843
0.0090145
0.015541
0.020201
0.022053
0.023981
0.025277
0.029117
0.039564
0.050614
0.051171
0.046646
0.044237
0.038511
0.02811
0.018264
0.013993
0.012407
0.0073039
0.0027842
0.0027009
0.007522
0.013647
0.013094
0.006808
-0.0020397
-0.010033
-0.015225
-0.019723
-0.022639
-0.023293
-0.023089
-0.022455
-0.022625
-0.022624
-0.021493
-0.022518
-0.02837
-0.035783
-0.036189
-0.031258
-0.025054
-0.017615
-0.010561
-0.0051819
-0.0033623
-0.0055618
-0.0084266
-0.0092713
-0.0091198
-0.0086018
-0.0093673
-0.013355
-0.020458
-0.02486
-0.022929
-0.017206
-0.011497
-0.0078602
-0.003335
0.0048166
0.012729
0.013807
0.0071674
-0.0015524
-0.0037881
0.0021126
0.0098692
0.016194
0.020581
0.022642
0.021244
0.017327
0.014548
0.012822
0.013072
0.017339
0.019406
0.014604
0.010216
0.011483
0.015792
0.021897
0.028623
0.031711
0.029293
0.026717
0.024979
0.021178
0.016787
0.01172
0.0044196
-0.0019373
-0.0062449
-0.010042
-0.012115
-0.012856
-0.013236
-0.015139
-0.01666
-0.015979
-0.014717
-0.011547
-0.010154
-0.01222
-0.013013
-0.013078
-0.014506
-0.016695
-0.019967
-0.023921
-0.026139
-0.023624
-0.01777
-0.012182
-0.0075525
-0.0023388
0.0037343
0.0088666
0.010301
0.0085264
0.0083781
0.012834
0.020469
0.028406
0.032011
0.02757
0.019583
0.01286
0.0084249
0.0056486
0.0026013
0.00074165
0.00038094
-0.0011159
-0.0034977
-0.0061631
-0.010606
-0.015949
-0.018077
-0.015083
-0.0092679
-0.0030179
0.0031452
0.0086449
0.012193
0.010497
0.0011007
-0.0098849
-0.016157
-0.015921
-0.010251
-0.0036821
0.00024984
0.002822
0.0053102
0.0017389
-0.0077018
-0.012618
-0.012255
-0.010056
-0.0067497
-0.0029366
-7.3909e-06
-0.0011421
-0.0024601
-0.0012584
-0.00059816
0.00037807
0.0015561
0.0027351
0.0045219
0.0043269
0.0029722
0.0029925
0.0043578
0.0065419
0.0075194
0.0068006
0.0069102
0.0081294
0.007628
0.0038176
-0.0015474
-0.0055612
-0.0064634
-0.0050124
-0.0045968
-0.0045898
-0.0035674
-0.003719
-0.00484
-0.0063463
-0.0087396
-0.01166
-0.014692
-0.016013
-0.015183
-0.013002
-0.0096658
-0.0068851
-0.0056453
-0.0030591
0.00095284
0.0036784
0.0064075
0.0079551
0.0049917
0.00045082
-0.00091252
0.00231
0.0096151
0.01744
0.020784
0.019534
0.018022
0.017661
0.014944
0.0097912
0.0044943
0.0019782
0.0044345
0.0078937
0.010862
0.014944
0.01625
0.010446
0.00074289
-0.0072209
-0.010148
-0.0090293
-0.0051532
0.00093492
0.0051945
0.0076428
0.0078654
0.0054422
0.0044609
0.0070132
0.0091176
0.0085701
0.0076399
0.0083679
0.0095499
0.0074127
0.0015103
-0.0043073
-0.008444
-0.011887
-0.014454
-0.017872
-0.022235
-0.024608
-0.026004
-0.026822
-0.024886
-0.021395
-0.01778
-0.014478
-0.011896
-0.010796
-0.010377
-0.010298
-0.0098247
-0.0077887
-0.0062205
-0.0025429
0.0034626
0.008272
0.010083
0.0083279
0.0048479
0.001977
0.00044993
0.00013759
0.0010183
0.001872
0.0038079
0.0094711
0.015633
0.017097
0.01523
0.014232
0.013471
0.01223
0.011173
0.011501
0.012417
0.010915
0.0071206
0.0018183
-0.0032915
-0.0069214
-0.0083737
-0.0066783
-0.0039256
-0.0024343
-0.0027507
-0.0013637
0.0017148
0.0027158
0.00054923
-0.0027658
-0.0060923
-0.0089364
-0.0093817
-0.0081513
-0.0084378
-0.0096518
-0.0073607
-0.0040179
-0.0032582
-0.0028836
-0.0016034
8.4427e-05
0.0015901
0.0036994
0.0057694
0.0083071
0.01087
0.011921
0.012562
0.013164
0.01089
0.0055955
0.0016572
0.00088671
0.0017658
0.0031505
0.0058075
0.0087635
0.009568
0.0084422
0.00495
-0.00078826
-0.0041677
-0.0045842
-0.0033971
0.00037218
0.0058175
0.010303
0.012847
0.012962
0.010633
0.0056688
-0.0014617
-0.0080382
-0.011642
-0.01276
-0.013045
-0.011056
-0.008322
-0.008563
-0.011127
-0.014126
-0.015535
-0.014587
-0.011962
-0.0088868
-0.0073459
-0.007452
-0.0082109
-0.0078201
-0.0062617
-0.0051435
-0.0035014
-0.0014658
-0.00016952
-0.00045189
-0.0025061
-0.0040668
-0.0029535
-0.00062302
0.0023178
0.0066165
0.0099828
0.012041
0.012366
0.0093753
0.0052633
0.0034145
0.0033591
0.0055414
0.0089103
0.0086329
0.006094
0.0051761
0.0044218
0.0026863
0.0004972
-0.0025462
-0.0034599
-0.0018454
-0.0013488
-0.0011183
0.0025346
0.0074584
0.0098284
0.011886
0.012495
0.0095719
0.004855
0.0031478
0.0026678
0.00083245
0.00030347
0.00067607
0.00056245
-0.0013664
-0.0027135
-0.002376
-0.0036567
-0.0077781
-0.0099441
-0.0083775
-0.0062617
-0.0045875
-0.0026212
-0.0014443
-0.0024145
-0.0034095
-0.0047247
-0.0070143
-0.0086993
-0.010731
-0.01242
-0.010909
-0.0062118
-0.0010493
0.0024893
0.0063114
0.010071
0.010431
0.0097765
0.0091425
0.0083115
0.0095225
0.014265
0.019764
0.021622
0.019295
0.015268
0.0099466
0.0050092
0.0019719
-0.00052508
-0.0041583
-0.007548
-0.0087809
-0.0095457
-0.010724
-0.010754
-0.011478
-0.013556
-0.014527
-0.013583
-0.013288
-0.013702
-0.014299
-0.01296
-0.0075694
-0.0013379
0.0046856
0.011871
0.016579
0.015983
0.013633
0.013315
0.013899
0.014498
0.014351
0.010235
0.0030882
-0.0044413
-0.010317
-0.013346
-0.014353
-0.014841
-0.016349
-0.018808
-0.019918
-0.01972
-0.018384
-0.015938
-0.014932
-0.014458
-0.012376
-0.0098236
-0.008554
-0.008875
-0.010355
-0.011946
-0.013037
-0.011536
-0.0089591
-0.0079732
-0.0073826
-0.0075583
-0.008217
-0.0055675
-0.0022081
-0.0020191
-0.0008201
0.0028051
0.0061434
0.009459
0.012869
0.01553
0.018003
0.022426
0.024829
0.022463
0.019979
0.019296
0.018909
0.018525
0.017289
0.014719
0.011706
0.010136
0.011182
0.013972
0.015931
0.016818
0.016843
0.016318
0.013038
0.0069103
0.0024235
-0.00022691
-0.0034993
-0.0052049
-0.0021102
0.0020921
0.0038599
0.0042333
0.0043411
0.005284
0.0064994
0.0065681
0.0061141
0.0060461
0.0064797
0.0073494
0.0059537
0.0024053
-0.0015464
-0.0050238
-0.007608
-0.010923
-0.014125
-0.013763
-0.011647
-0.011081
-0.011325
-0.012498
-0.01511
-0.016952
-0.016647
-0.016667
-0.017615
-0.017326
-0.016813
-0.016861
-0.016734
-0.017794
-0.019334
-0.018421
-0.015471
-0.011677
-0.006664
-0.00077583
0.0030702
0.0026239
0.00085696
-0.0012298
-0.0031073
-0.0042542
-0.0064949
-0.00963
-0.011951
-0.011766
-0.0089517
-0.0056476
-0.0026406
0.00084395
0.003643
0.0063532
0.010042
0.014053
0.017003
0.018508
0.019348
0.017933
0.016758
0.016456
0.014042
0.011656
0.010784
0.0098627
0.006809
0.0026751
-0.00077359
-0.0038935
-0.0047169
-0.004493
-0.0045098
-0.0030201
-6.5477e-05
0.0039654
0.0093298
0.015253
0.019019
0.020401
0.019698
0.017245
0.014217
0.011175
0.0097657
0.010198
0.010156
0.010681
0.012321
0.012166
0.010367
0.0075905
0.0036369
-6.698e-05
-0.0023979
-0.0029899
-0.0023779
-0.0020974
-0.0037808
-0.0054323
-0.005586
-0.0068908
-0.0086042
-0.0087174
-0.0075333
-0.0055527
-0.0024174
0.0011919
0.0032756
0.0046002
0.0058769
0.0057618
0.0029956
-0.0017739
-0.0053176
-0.0062588
-0.0062492
-0.0060995
-0.0067906
-0.0083622
-0.010491
-0.01123
-0.0096215
-0.0080201
-0.0069784
-0.0056593
-0.0046179
-0.0038064
-0.0036818
-0.0045293
-0.0053787
-0.0055214
-0.0057965
-0.0061838
-0.0049706
-0.0029796
-0.0021156
-0.0017167
-0.0028629
-0.0052886
-0.0074535
-0.010041
-0.011615
-0.011688
-0.010872
-0.0091582
-0.0060851
-0.0018737
2.3974e-05
3.6699e-05
3.7967e-05
-0.00033208
-0.0010424
-0.0012853
-0.00039636
0.0011039
0.0027515
0.0036925
0.0026484
0.0015
0.0010306
-0.00096691
-0.0033091
-0.0055684
-0.0078026
-0.0078313
-0.0070127
-0.0071974
-0.0065146
-0.0058733
-0.0054884
-0.0039958
-0.0025205
-0.001973
-0.0010586
0.00059946
0.0026566
0.0052372
0.0066361
0.0052601
0.0030969
0.0025286
0.0033443
0.0038793
0.0035933
0.0031784
0.0025488
0.0030238
0.0047319
0.0058257
0.0069177
0.0072185
0.0063463
0.0055918
0.0048747
0.0045241
0.0034541
0.0013946
0.00035543
0.0016431
0.0039834
0.004824
0.0045827
0.0035034
0.001541
0.00026174
0.00054537
0.0024285
0.0054509
0.007457
0.0079583
0.0072567
0.0045878
0.0011084
0.00050537
0.0021211
0.0030813
0.0039857
0.0050653
0.005213
0.0041186
0.0027814
0.001818
0.0012083
0.00020973
-0.0002964
-0.0017613
-0.0037039
-0.0025796
0.00058028
0.0028054
0.0040072
0.003759
0.0021172
0.0020124
0.0020993
-8.8551e-06
-0.0030759
-0.0051353
-0.0060881
-0.0075995
-0.0093014
-0.0093702
-0.008732
-0.0078498
-0.0052986
-0.002769
-0.0010449
9.6092e-05
-0.00018452
-0.00065913
-0.0012269
-0.0027598
-0.002782
-0.0012349
0.00029029
0.0025778
0.004594
0.0050121
0.003719
0.0026095
0.0029736
0.0028726
0.0031646
0.0032103
0.0026955
0.00090239
-0.0019589
-0.0023897
-0.00045582
0.0010555
0.0020692
0.0025058
0.0027791
0.0027995
0.0031118
0.0031327
0.0016237
0.00052351
-0.00071314
-0.0030456
-0.0050168
-0.0069157
-0.0088444
-0.0092779
-0.0094703
-0.01053
-0.010839
-0.011783
-0.012195
-0.01024
-0.00777
-0.0053317
-0.0034681
-0.0015906
0.00092278
0.0027663
0.0037671
0.0051158
0.0071352
0.0087797
0.0097235
0.010857
0.011553
0.010254
0.0082434
0.0062012
0.004821
0.0054228
0.0057625
0.0045665
0.0041473
0.0048412
0.0049244
0.0049974
0.0048243
0.003235
0.0024931
0.0028918
0.0026649
0.002877
0.0054131
0.0089306
0.011988
0.015222
0.017415
0.018571
0.019014
0.016663
0.011882
0.0081873
0.005541
0.0031652
0.0012179
-0.00028468
-0.0020314
-0.0049262
-0.0064149
-0.0069685
-0.0092344
-0.011839
-0.013716
-0.014475
-0.016342
-0.018435
-0.01899
-0.019511
-0.020442
-0.020365
-0.01932
-0.018284
-0.015707
-0.012498
-0.011151
-0.0090946
-0.0054987
-0.003228
-0.0021502
-0.0018316
-0.00086581
-0.00049501
-0.0023075
-0.0048932
-0.0056793
-0.0060611
-0.0066276
-0.0056953
-0.0042398
-0.0029216
-0.0016266
-0.0012075
-0.0021548
-0.0034905
-0.0033202
-0.00070295
0.0023997
0.0032612
0.0030936
0.0026841
0.0020348
0.0024441
0.0034218
0.0039425
0.004106
0.0041705
0.0048788
0.0047983
0.0040729
0.0050689
0.0059444
0.0054765
0.0056926
0.0061966
0.0052933
0.0048516
0.0054343
0.0066202
0.0069268
0.0059132
0.0053732
0.004034
0.0021198
0.0025043
0.0043837
0.0046764
0.0036344
0.0043346
0.0060434
0.0073517
0.01116
0.013831
0.011214
0.0086635
0.0086568
0.0071556
0.0037432
0.0010969
-0.00093855
-0.0035961
-0.004972
-0.0040082
-0.0039287
-0.0045794
-0.0051539
-0.0074518
-0.010211
-0.010442
-0.0087287
-0.0069041
-0.0064414
-0.0062563
-0.0043355
-0.0027035
-0.0021547
-0.002906
-0.0032364
-0.0039595
-0.0045269
-0.0043791
-0.0039317
-0.0028972
-0.0022066
-0.00068071
0.00087567
0.0034305
0.0063386
0.0078163
0.0081006
0.0087102
0.0094814
0.0091869
0.0086246
0.0081554
0.0082243
0.0055348
0.0009692
-0.0016133
-0.0042255
-0.0079641
-0.011058
-0.012903
-0.014214
-0.015124
-0.01521
-0.01522
-0.014198
-0.012837
-0.011783
-0.0095967
-0.0086032
-0.0078607
-0.0048911
-0.0028729
-0.0026231
-0.0013933
0.00022742
0.0012627
0.0023065
0.0024597
0.0021026
0.0030999
0.0048531
0.0063237
0.0091455
0.011537
0.011146
0.010535
0.010212
0.0099057
0.0098152
0.010544
0.011973
0.01192
0.012548
0.011777
0.0080465
0.0046005
0.0023179
0.0028941
0.004149
0.0043418
0.0033126
0.0026364
0.0037241
-0.00071029
-0.0041004
-0.0021029
-0.0058138
-0.0073841
0.0025551
0.0090963
0.0039843
0.0017874
0.0074888
0.011164
0.011723
0.0061723
-0.0035993
-0.0046953
0.00039861
-0.00046812
-0.0034524
-0.003401
-0.0015994
0.00089626
0.0049237
0.0080713
0.0082388
0.0068391
0.0040398
0.0015814
-0.00070857
-0.0020461
-0.00052339
-0.001984
-0.0064581
-0.010157
-0.012787
-0.011074
-0.0096916
-0.0084269
-0.0059129
-0.0072871
-0.0087343
-0.0066409
-0.0064564
-0.0057243
-0.0046761
-0.0078097
-0.010576
-0.0063285
-0.0024486
-0.0073719
-0.011109
-0.0072174
-0.0014193
-0.00045449
-0.0012098
0.0011541
-0.00027659
-0.00048528
0.0072018
0.0099688
0.0062854
0.0033043
0.0011168
-0.0014243
-0.0014572
0.0016547
0.00084308
-0.0017787
-0.0038608
-0.0081182
-0.0054409
-0.0032538
-0.0076532
-0.0073286
-0.0035567
-0.00089842
-0.0030555
-0.0056919
-0.0050628
-0.0012928
0.0057
0.0068421
0.0060545
0.0071885
0.0040528
0.0096074
0.015642
0.010197
0.0077401
0.0087501
0.0033878
-0.0014986
-0.00032445
-0.0019186
-0.007135
-0.0056345
-0.00016663
-0.00068229
0.0014476
0.01159
0.017219
0.015711
0.010529
0.0046386
0.003255
0.0024455
-0.00032735
-0.0017196
-1.417e-05
0.00037564
-0.0060265
-0.012221
-0.011151
-0.008754
-0.0071632
-0.0087666
-0.013124
-0.010292
-0.00672
-0.0090934
-0.005869
-0.0038342
-0.0066994
-0.0042852
-0.0022589
-0.0065113
-0.0089894
-0.0061355
-0.0048944
-0.0047266
-0.0045837
-0.0044366
-0.003409
-0.0013954
0.0021466
0.005177
0.004477
0.0045636
0.0061373
0.0052634
0.006187
0.0081861
0.0088845
0.0091197
0.0069021
0.0039477
0.00097966
-0.0024538
-0.00099334
0.0020079
0.0033767
0.0063797
0.0097187
0.010529
0.0087179
0.008509
0.0094806
0.0088834
0.0084611
0.0079955
0.0073243
0.0067391
0.0055802
0.0047538
0.0036007
0.0022673
0.0023012
0.0019104
0.0012318
0.00067932
0.00043621
0.0002359
-0.00093529
-0.0035504
-0.0082776
-0.009887
-0.0082864
-0.0081326
-0.0076331
-0.0052417
-0.0023765
-0.0016708
-0.0025719
-0.0033495
-0.0046904
-0.005085
-0.0048541
-0.004192
-0.0031687
-0.0031331
-0.0027507
-0.0021056
-0.0017312
-9.8178e-05
0.0014359
0.0018358
0.0017127
0.0015306
0.0012195
0.00075007
-0.00021973
-0.0018779
-0.0017114
-0.00067116
-0.00082567
-0.00071782
8.7316e-05
-0.00039889
-0.0017767
-0.0018199
-0.0013255
-0.00074147
0.00049503
0.001249
0.0013571
0.0015821
0.0017729
0.0013775
0.00065802
0.00060952
0.00048102
-0.00031247
-0.00055169
-6.3246e-05
9.7768e-05
-0.00014251
-0.00028773
-0.00038579
-0.00023855
0.0002131
0.00052026
0.00038167
0.00036009
0.00078216
0.00071067
0.00040275
0.00032104
-0.00018745
0.0001165
0.0004929
-3.0297e-05
-0.00012773
-4.2243e-05
-0.00028868
-0.00040039
-0.00026812
-6.3942e-05
7.6764e-05
7.1018e-05
9.9396e-06
5.3265e-05
-9.723e-05
-0.0004424
-0.00019318
2.09e-06
-0.0002315
-0.00018888
-0.00029788
-0.00044082
-0.00019757
-1.1994e-05
0.00030834
0.00081597
0.00096923
0.00090689
0.00085927
0.00070905
0.00064795
0.00052576
0.00027452
0.0002331
0.00019632
0.00012609
8.7215e-05
-0.00021564
-0.00048657
-0.00054783
-0.00073043
-0.00086331
-0.00084251
-0.00080975
-0.00076327
-0.00064533
-0.00051502
-0.00048959
-0.00049776
-0.0005208
-0.00047929
-0.00035764
-0.00032706
-0.00031004
-0.00019193
-5.6673e-05
3.5006e-05
6.2474e-05
0.00013146
0.00021806
0.00025056
0.00025431
0.00020789
0.00019292
0.00021276
0.00020001
0.00018587
0.00018208
0.0001757
0.00016436
0.00015959
0.00016066
0.00017062
0.00017132
0.00016109
0.00015133
0.00015338
0.00015408
0.00015799
0.00017047
0.00016528
0.00015731
0.00015619
0.00015418
0.00015167
0.00014701
0.00013886
0.00012777
0.0001165
0.00010864
9.8892e-05
8.5977e-05
7.631e-05
6.8512e-05
6.1934e-05
5.5271e-05
4.7503e-05
4.1536e-05
3.5495e-05
2.8574e-05
2.2542e-05
1.6535e-05
1.1076e-05
6.986e-06
3.2808e-06
-9.8251e-07
-4.9773e-06
-8.7952e-06
-1.2212e-05
-1.4732e-05
-1.702e-05
-1.8995e-05
-2.0483e-05
-2.1637e-05
-2.244e-05
-2.2989e-05
-2.3312e-05
-2.3374e-05
-2.3237e-05
-2.2929e-05
-2.2444e-05
0
0
0
0
0
0
0
0
0
0
0
0
0
0
0
0
0
0
0
0
0
0
0
0
0
0
0
0
0
0
0
0
0
0
0
0
0
0
0
0
0
0
0
0
0
0
0
0
0
0
0
0
0
0
0
0
0
0
0
0
0
0
0
0
0
0
0
0
0
0
0
0
0
0
0
0
0
0
0
0
0
0
0
0
0
0
0
0
0
0
0
0
0
0
0
0
0
0
0
0
0
0
0
0
0
0
0
0
0
0
0
0
0
0
0
0
0
0
0
0
0
0
0
0
0
0
0
0
0
0
0
0
0
0
0
0
0
0
0
0
0
0
0
0
0
0
0
0
0
0
0
0
0
0
0
0
0
0
0
0
0
0
0
0
0
0
0
0
0
0
0
0
0
0
0
0
0
0
0
0
0
0
0
0
0
0
0
0
0
0
0
0
0
0
0
0
0
0
0
0
0
0
0
0
0
0
0
0
0
0
0
0
0
0
0
0
0
0
0
0
0
0
0
0
0
0
0
0
0
0
0
0
0
0
0
0
0
0
0
0
0
0
0
0
0
0
0
0
0
0
0
0
0
0
0
0
0
0
0
0
0
0
0
0
0
0
0
0
0
0
0
0
0
0
0
0
0
0
0
0
0
0
0
0
0
0
0
0
0
0
0
0
0
0
0
0
0
0
0
0
0
0
0
0
0
0
0
0
0
0
0
0
0
0
0
0
0
0
0
0
0
0
0
0
0
0
0
0
0
0
0
0
0
0
0
0
0
0
0
0
0
0
0
0
0
0
0
0
0
0
0
0
0
0
0
0
0
0
0
0
0
0
0
0
0
0
0
0
0
0
0
0
0
0
0
0
0
0
0
0
0
0
0
0
0
0
0
0
0
0
0
0
0
0
0
0
0
0
0
0
0
0
0
0
0
0
0
0
0
0
0
0
0
0
0
0
0
0
0
0
0
0
0
0
0
0
0
0
0
0
0
0
0
0
0
0
0
0
0
0
0
0
0
0
0
0
0
0
0
0
0
0
0
0
0
0
0
0
0
0
0
0
0
0
0
0
0
0
0
0
0
0
0
0
0
0
0
0
0
0
0
0
0
0
0
0
0
0
0
0
0
0
0
0
0
0
0
0
0
0
