-6.1309e-09
-8.027e-06
-0.00012569
-0.00029544
-0.00025735
-0.0002466
-0.00026782
-0.00024795
-0.00010099
0.00010324
-0.00031093
-0.00030433
-0.00019862
-0.00029357
-0.00024239
-0.00025512
-0.00026204
-0.00025006
-0.00025922
-0.00025489
-0.00025554
-0.00025662
-0.00025529
-0.00025618
-0.00025583
-0.00025582
-0.00025597
-0.00025583
-0.00025591
-0.000256
-0.00025772
-0.00026022
-0.00025964
-0.00026013
-0.00026317
-0.0002639
-0.00026429
-0.00026749
-0.00026775
-0.00026948
-0.00027181
-0.00027128
-0.00027429
-0.00027566
-0.0002769
-0.00027941
-0.00028009
-0.00028272
-0.00028268
-0.00028457
-0.00028687
-0.00028631
-0.00028936
-0.0002904
-0.00028937
-0.00029108
-0.00029343
-0.00029288
-0.00029357
-0.00029557
-0.00029433
-0.00021076
7.2883e-05
-0.00024355
-0.00040058
-0.00022654
-0.00020702
7.5828e-05
-0.00029269
-0.00038512
-0.00022304
-0.00017863
0.000408
-0.00011578
-0.00051976
-0.00016755
-0.00021732
7.5642e-05
-7.4046e-05
2.5681e-05
5.8048e-05
-0.00029243
-0.00034596
-0.00024974
-0.0002144
0.00039208
1.1957e-05
-0.00055288
-0.00013898
0.00010028
0.00030428
-0.00038995
-0.00034462
-0.00019015
-0.00025571
0.0010108
0.0018113
4.6146e-05
-0.0005095
-0.00014463
-0.00031831
-0.00026758
-0.00017719
0.00057325
0.00057788
0.00096553
0.0036294
0.001357
-0.0013986
0.00048545
0.0012521
-0.00031097
-0.00038179
0.0003059
5.4258e-06
0.0012113
0.0014999
-0.00064455
-0.00021605
0.00045872
0.00081165
0.00081268
0.001271
0.0023908
0.001966
0.0014576
-0.0027224
-0.00098788
0.0014243
0.0016293
0.002757
-0.001647
-0.0026669
0.00082703
0.0019527
0.0015164
-0.0009254
-0.0027249
0.001559
0.0043543
0.0023848
0.00024081
-0.0017748
0.0016619
0.0057953
0.0039131
-0.00089151
0.0019936
0.0013435
-0.00041621
-0.00068092
-0.0037331
-0.0012003
0.0040951
0.0021134
-0.0034223
-0.0041579
-0.0015365
-0.00077669
0.0013634
0.0047422
0.0081261
0.0056711
-0.0034575
-0.007522
-0.0013749
8.6125e-05
0.00010557
0.0014235
-0.00026697
0.0050594
0.0062767
0.0035036
-0.00088947
-0.0048703
-0.0026336
0.0014069
-0.001653
0.0021571
-0.0018101
-0.0058072
0.0055015
0.0059426
-0.0040664
-0.0051344
0.0043954
0.0088328
0.0036299
0.0012992
-0.0013051
-0.0064711
-0.00013637
-0.0019624
-0.01561
-0.0091154
0.0055748
0.004255
0.0060843
0.011069
0.010569
0.0047961
-0.0019874
0.0011565
0.001336
-0.0052719
-0.0022004
0.00436
-0.0033599
-0.0072463
-0.0063669
0.0034252
0.00099234
0.001781
0.0070381
-0.00077317
0.0013742
-0.00019829
0.00023156
0.014334
0.017277
-0.0069092
-0.012159
-0.0031539
0.0021012
0.0079788
-0.006154
-0.012957
-0.0058012
-0.0028544
-0.0019486
0.0028973
0.0048807
0.0028537
0.0091794
0.0060192
-0.010285
-0.011712
-0.0046142
-0.0035465
0.0089276
0.0079713
-0.00065946
0.01293
0.012929
-0.0058712
-0.023823
-0.021387
-0.0057778
0.0052596
-0.0013869
-0.0055069
-0.0096425
-0.016501
0.0027892
0.0073776
-0.014269
-0.0042867
0.024318
0.031086
0.02022
0.0020762
-0.0054545
0.014742
0.020179
-0.0091528
-0.042112
-0.018333
0.023906
0.018432
0.02127
-0.0077621
-0.027756
-0.02506
-0.0133
0.015712
0.0024517
-0.017389
0.022251
0.032089
0.034112
0.014337
-0.036656
-0.03014
-0.021005
-0.022133
0.0071019
0.028041
0.017176
0.00803
-0.0075817
-0.019691
-0.0049033
-0.0056306
0.0029729
0.026035
0.02943
0.0053946
-0.014844
-0.0016536
-0.026734
-0.02787
0.0013825
-0.012375
-0.013539
-0.015426
-0.036313
-0.015582
0.016827
0.025727
0.021386
-0.00049012
-0.026037
-0.006626
0.007468
-0.003026
0.014681
0.010691
-0.033521
-0.0085418
0.012211
-0.016785
-0.015993
-0.0053017
0.00044093
0.020094
0.028211
0.041545
0.013255
-0.055767
-0.026847
-0.011792
-0.01589
0.017421
0.010186
-0.014438
-0.014684
-0.026085
-0.025611
0.0086093
0.028888
0.0023165
-0.025781
-0.00083375
0.0204
0.019831
0.0019022
0.002954
0.016105
-0.0046804
-0.0064418
-0.013698
0.0061081
0.053535
0.050274
0.021684
-0.039799
-0.090404
-0.043471
0.042206
0.03224
-0.0177
-0.014144
-0.013348
0.027072
-0.0075192
-0.069193
-0.040177
0.0058817
-0.0063968
-0.040057
-0.02179
0.0074137
0.038636
0.056831
0.059371
0.053711
0.0072971
-0.077832
-0.083171
0.0070403
0.046899
0.012733
-0.038483
-0.035852
-0.015253
-0.026747
-0.0061139
0.025166
0.029799
0.035787
0.029605
0.0003198
-0.0028272
-0.018874
-0.026262
-0.03829
-0.076157
-0.050681
0.0033966
0.010146
0.0040324
0.039825
0.042043
0.0042307
0.021634
0.028477
0.00035802
0.0073871
0.044466
0.065243
0.046906
0.015342
-0.044414
-0.072686
-0.034282
-0.015623
0.0093723
0.0313
0.03397
0.015508
0.0012721
0.00853
0.017192
0.029222
0.024691
-0.00013491
-0.024899
-0.018973
0.033788
0.044861
0.025831
-0.0057539
-0.015697
0.018526
-0.0012922
-0.027315
-0.044001
0.0085132
0.072223
0.056556
0.01976
-0.03082
-0.032346
-0.0097041
-0.0089086
-0.010525
0.015199
0.041562
0.0089315
-0.012878
-0.0091725
-0.0057304
-0.0057302
-0.01169
0.015498
0.036216
0.019696
0.026092
0.015415
0.010568
0.054673
0.077938
0.077559
0.037592
0.019846
0.044182
0.056803
0.035101
0.016728
0.030987
0.046757
0.084033
0.11221
0.060167
-0.0073001
-0.047405
-0.10041
-0.097786
-0.090775
-0.090507
-0.053894
-0.0588
-0.024947
-0.014131
-0.038878
0.023017
0.0076845
-0.065948
-0.11039
-0.10157
-0.076153
-0.077684
-0.081659
-0.066994
-0.061115
-0.093445
-0.049429
-0.042841
-0.10025
-0.0071527
0.04884
-0.015337
-0.073671
-0.012714
0.061039
0.072007
0.026866
0.01586
-0.035226
-0.086653
0.077724
0.15396
0.097873
0.14235
0.16583
0.17671
0.19379
0.15585
0.11918
0.1472
0.12049
0.061331
0.029649
0.0057747
0.070601
0.11989
0.037355
0.0095972
0.034513
-0.0041076
-0.074271
0.0015386
0.042101
-0.082855
-0.13045
-0.1055
-0.083282
-0.16762
-0.22121
-0.1383
-0.12216
-0.12258
-0.1305
-0.22976
-0.14608
-0.015647
-0.10566
-0.1709
-0.14116
-0.12423
-0.085951
-0.093842
-0.093279
-0.028064
0.058921
0.15168
0.16957
0.19227
0.19686
0.075732
0.093458
0.14172
0.031183
-0.075518
-0.13868
-0.14766
-0.082325
-0.010067
0.085772
0.10492
0.077127
0.088592
0.10345
0.11096
0.094481
0.068222
0.008182
-0.10898
-0.11922
-0.11023
-0.1029
0.0019207
0.067728
0.051372
-0.032647
0.032139
0.14261
0.15571
0.1871
0.13332
0.11463
0.17635
0.13939
0.14378
0.15236
0.14092
0.1869
0.15837
0.058271
-0.025623
-0.064609
-0.059045
-0.059172
-0.087506
-0.16628
-0.25773
-0.35726
-0.44775
-0.43736
-0.30094
-0.12117
-0.090268
-0.15231
-0.12969
-0.022322
0.02739
-0.021979
-0.039667
-0.0058484
0.006869
-0.0059588
-0.022531
-0.016684
-0.034268
-0.075876
-0.043826
-0.039579
-0.072332
-0.011108
0.062752
0.11428
0.13334
0.12982
0.11387
0.0536
0.037735
0.073106
0.072156
0.041757
0.031028
0.0042884
-0.050326
-0.10372
-0.14085
-0.14617
-0.13454
-0.10986
-0.028042
0.038395
0.0010166
0.00049732
0.061924
0.087314
0.081836
0.044312
0.034142
0.026215
0.011602
0.044724
0.08075
0.13381
0.17729
0.19742
0.24261
0.27434
0.22373
0.1209
0.054788
0.02876
0.019688
0.057049
0.058389
0.0095734
-0.036212
-0.043468
-0.028717
-0.072366
-0.1119
-0.13044
-0.17214
-0.15747
-0.073939
0.030457
0.085722
0.063748
0.0638
0.065877
-0.0029668
-0.033681
0.010245
0.04988
0.06765
0.053028
0.012245
-0.030156
-0.055265
-0.074481
-0.083581
-0.10966
-0.12323
-0.076517
-0.029069
-0.0022767
0.0045393
-0.0057783
-0.030418
-0.0091177
0.01022
-0.037252
-0.061804
-0.038249
0.00019413
0.036269
0.016625
0.019101
0.056149
-0.00040499
-0.05584
-0.058841
-0.025886
0.03243
0.030681
0.044047
0.073789
0.079238
0.1037
0.097617
0.031882
-0.011491
0.027222
0.06148
0.078546
0.067852
0.039126
0.005304
0.0057149
0.049683
0.075652
0.07749
0.096575
0.12404
0.13835
0.14126
0.13466
0.10872
0.075826
0.049176
0.034546
0.0098914
-0.029583
-0.037392
-0.010443
0.025453
0.025267
0.012275
-0.011638
-0.016902
0.026053
0.083512
0.084851
0.014927
-0.0026144
0.006932
-0.037243
-0.087494
-0.1306
-0.17566
-0.20707
-0.23463
-0.25167
-0.2471
-0.22703
-0.1987
-0.18011
-0.15381
-0.12304
-0.10508
-0.092183
-0.074154
-0.042267
-0.033903
-0.031944
-0.0077829
0.0025029
0.022252
0.054872
0.057165
0.043922
0.029732
0.016222
-0.008466
-0.036148
-0.064054
-0.087107
-0.086503
-0.081521
-0.081878
-0.087706
-0.082269
-0.048468
-0.01669
0.016406
0.043636
0.04547
0.053807
0.048446
0.037458
0.049586
0.053166
0.073948
0.072364
0.021029
0.0021436
-0.0045066
-0.028365
-0.042892
-0.05212
-0.052043
-0.056369
-0.062876
-0.020718
0.031841
0.038739
0.02757
0.046006
0.072963
0.092185
0.098985
0.09887
0.10889
0.12615
0.16056
0.18384
0.17608
0.16525
0.137
0.089503
0.040217
-0.007743
-0.038908
-0.049488
-0.058372
-0.083427
-0.1047
-0.11297
-0.096311
-0.061579
-0.038087
-0.018445
-0.023099
-0.046145
-0.046512
-0.038443
-0.043238
-0.048807
-0.031636
0.0050392
0.018728
0.0097749
0.027615
0.059506
0.069506
0.067541
0.074917
0.082172
0.075756
0.073826
0.05978
0.028715
0.0045699
-0.002875
-0.0077644
-0.015554
-0.0067375
-0.015618
-0.022076
0.0011581
0.0028299
-0.013249
-0.022258
0.003123
0.050577
0.055387
0.030683
0.014471
0.0067361
-0.0043116
-0.020183
-0.022336
-0.0033449
0.009848
0.017067
0.03182
0.029359
0.02031
0.032458
0.04329
0.028379
0.038045
0.052502
0.052152
0.055364
0.055385
0.06527
0.062907
0.051538
0.054898
0.045296
0.026743
0.014647
-0.00046714
-0.01082
0.0012553
0.0080086
-0.00037592
-0.0090656
-0.0049028
0.011246
0.01294
0.0070189
-0.00064453
-0.025827
-0.04546
-0.039711
-0.042345
-0.05562
-0.076634
-0.10546
-0.1223
-0.12624
-0.12364
-0.12472
-0.12084
-0.10288
-0.10314
-0.11971
-0.11693
-0.11317
-0.11264
-0.11197
-0.12572
-0.13544
-0.13436
-0.12213
-0.10191
-0.074951
-0.0425
-0.015589
0.00034591
-0.0050899
-0.013578
0.0043531
0.027191
0.029317
0.019559
0.016924
0.020394
0.031544
0.052101
0.064018
0.073869
0.09193
0.10554
0.11109
0.11224
0.10961
0.103
0.09312
0.075584
0.055643
0.039989
0.029742
0.022923
0.01452
0.004694
-0.0040682
-0.0066206
-0.011418
-0.02412
-0.030092
-0.022315
-0.0077195
-0.004336
-0.012606
-0.0014971
0.016902
0.025376
0.041323
0.065167
0.078708
0.087869
0.10703
0.11564
0.10644
0.087456
0.068037
0.057157
0.039955
0.03057
0.037384
0.025928
0.0099936
0.0080364
0.0094082
0.012555
0.0089229
-0.011881
-0.03458
-0.050133
-0.064453
-0.075419
-0.080423
-0.088135
-0.093213
-0.088021
-0.081499
-0.069115
-0.046256
-0.028227
-0.014558
-0.0077421
-0.016906
-0.017383
-0.019227
-0.027359
-0.027299
-0.028758
-0.023567
-0.013841
-0.0014984
0.009904
0.019668
0.040745
0.059878
0.067985
0.063044
0.045595
0.025688
0.010648
-0.004333
-0.0085207
0.0015268
0.010207
0.020722
0.040582
0.061566
0.068774
0.062204
0.043028
0.021935
0.0051846
-0.010394
-0.019235
-0.020478
-0.023204
-0.024387
-0.021222
-0.01793
-0.020248
-0.020208
-0.015343
-0.0096904
-0.012279
-0.021932
-0.014904
-0.0051095
-0.0010528
0.001462
0.008912
0.021986
0.021739
0.0092122
0.0012204
-0.0038062
0.001808
0.0085405
-0.0046091
-0.015131
-0.022316
-0.038184
-0.044387
-0.039227
-0.030873
-0.032078
-0.032635
-0.018363
-0.010145
-0.012547
-0.014975
-0.015945
-0.018321
-0.027982
-0.033273
-0.020941
-0.0066632
-0.0029473
0.0015846
0.00769
0.0025392
-0.007448
-0.016625
-0.022375
-0.021065
-0.013749
-0.011681
-0.019246
-0.022141
-0.012917
-0.00044957
0.0051523
0.0080683
0.011046
0.012799
0.016475
0.022666
0.032929
0.039312
0.035764
0.033954
0.036999
0.037119
0.026788
0.0098547
-0.0094275
-0.019178
-0.015454
-0.013006
-0.0086734
-0.0016236
-0.0050529
-0.010275
-0.013976
-0.022672
-0.030466
-0.031738
-0.024729
-0.014644
-0.012184
-0.022092
-0.023717
-0.010962
0.0015499
0.0096685
0.017529
0.020388
0.014646
0.0089335
0.011642
0.013615
0.0095865
0.0042479
-0.0012487
-0.002014
-0.0088799
-0.014355
-0.0031265
0.0023694
0.0030717
0.0049954
0.00085551
0.0032577
0.0076987
0.016257
0.025146
0.025099
0.024026
0.027084
0.031507
0.032451
0.034493
0.038398
0.034839
0.02772
0.023845
0.022698
0.020345
0.015562
0.014317
0.016696
0.013421
0.013988
0.017408
0.0095204
2.7465e-05
-0.0050373
-0.0020975
0.0015404
-0.0062173
-0.01238
-0.012167
-0.014485
-0.012808
-0.0097725
-0.0027189
0.011371
0.017115
0.024663
0.032599
0.031641
0.029919
0.025255
0.015109
0.0081717
0.0063939
0.0061696
0.006365
0.0059615
0.0057443
-0.00029033
-0.018195
-0.033585
-0.026755
-0.014763
-0.012008
-0.010501
-0.0077464
-0.0090376
-0.014789
-0.016646
-0.010337
-0.0037249
6.432e-05
0.00072738
0.00021137
0.0025603
0.00077958
-0.0063149
-0.013425
-0.017399
-0.018318
-0.021891
-0.021809
-0.019055
-0.019684
-0.017921
-0.0077262
0.0040688
0.0075518
-0.0044947
-0.016832
-0.020399
-0.02387
-0.025837
-0.02038
-0.011931
-0.0075965
-0.0083163
-0.0063866
-0.0040515
-0.016017
-0.030557
-0.035407
-0.040547
-0.045205
-0.047816
-0.046008
-0.03417
-0.02537
-0.023785
-0.018155
-0.010907
-0.0031209
0.0017931
0.0047148
0.0037282
-0.00033473
-0.0060136
-0.011222
-0.0094199
-0.013582
-0.018671
-0.0094663
-0.0020531
-0.0038165
-0.0012087
0.010036
0.018973
0.025344
0.031318
0.033858
0.031542
0.024685
0.023699
0.02378
0.017968
0.016458
0.025765
0.037134
0.034624
0.019466
0.0030934
-0.0021999
0.0010213
0.0011412
-0.0029363
-0.0044342
-0.0042217
-0.0051995
-0.005305
-9.035e-05
0.005929
0.011
0.011241
0.010785
0.010906
0.0092807
0.0094189
0.010682
0.010403
0.011787
0.018667
0.029458
0.035601
0.035002
0.031887
0.031142
0.029427
0.026951
0.026612
0.025422
0.025411
0.026653
0.024183
0.016858
0.012675
0.007642
-0.0018192
-0.0062535
-0.007798
-0.010138
-0.017058
-0.024869
-0.026128
-0.023738
-0.022831
-0.027396
-0.035506
-0.044749
-0.045703
-0.03375
-0.024604
-0.016089
-0.0093648
-0.012154
-0.0069243
0.0062023
0.013909
0.014807
0.01023
0.005216
-0.0027714
-0.0056977
-0.0035055
-0.004471
-0.0043247
-0.0041124
-0.0043837
-0.0042024
-0.0042784
-0.0040852
-0.00032743
0.010448
0.01729
0.017249
0.01591
0.01427
0.013443
0.0093592
0.0037064
-0.00039803
0.0023676
0.0036835
0.001152
-0.0019778
-0.0067493
-0.0077581
-0.008784
-0.018259
-0.022091
-0.014899
-0.0049802
0.000213
0.0017723
-0.00062497
-0.00093855
0.0024431
0.0063558
0.0062396
0.0028592
0.0029001
0.0056839
0.0046816
-0.0022957
-0.0123
-0.017233
-0.009454
-0.0093645
-0.010309
-0.0020564
-0.00067889
-0.0012311
-0.0020594
-0.0075772
-0.011889
-0.012223
-0.014554
-0.018087
-0.01808
-0.014779
-0.01206
-0.0061497
0.0020657
0.004663
0.00607
0.0082634
0.014418
0.022149
0.021055
0.020451
0.020785
0.017032
0.01384
0.014976
0.016625
0.013832
0.013136
0.012847
0.0095065
0.010714
0.0089806
0.0051449
0.0080394
0.0082418
0.010063
0.010463
0.0070957
0.0018489
-0.0011692
-0.0006847
-0.00091369
-0.00099677
-0.0018546
-0.0065826
-0.0091866
-0.0099004
-0.014689
-0.020571
-0.025783
-0.026491
-0.02547
-0.026054
-0.025589
-0.026304
-0.029509
-0.031361
-0.033323
-0.038113
-0.0461
-0.046309
-0.036303
-0.025501
-0.017446
-0.0098741
-0.0048538
-0.003675
-9.1941e-05
0.0086579
0.018147
0.023282
0.024532
0.024717
0.024769
0.026705
0.030879
0.03279
0.031512
0.029553
0.023256
0.020165
0.024537
0.028111
0.028434
0.028961
0.031069
0.027115
0.021108
0.014714
0.0044836
-0.0038337
-0.0081523
-0.012983
-0.01564
-0.01218
-0.010594
-0.0094129
-0.0048007
-0.001082
-0.00030943
-0.0041733
-0.0086584
-0.011407
-0.015787
-0.015661
-0.0092841
-0.0044059
-0.0034032
8.1988e-06
0.0061324
0.0072281
0.0080841
0.010258
0.00617
0.0022448
0.0029882
0.0032059
0.0047087
0.0070848
0.0064288
0.0090784
0.011004
0.010459
0.013853
0.014976
0.012266
0.010267
0.010267
0.012607
0.012937
0.0083843
0.0011828
-0.005175
-0.0081361
-0.010085
-0.014229
-0.019201
-0.023267
-0.025458
-0.030329
-0.034292
-0.034762
-0.037085
-0.034906
-0.028989
-0.024685
-0.021392
-0.018288
-0.013041
-0.0021627
0.0065537
0.0093499
0.0091632
0.010159
0.012265
0.016436
0.019472
0.019143
0.016942
0.016776
0.014866
0.01124
0.0059979
0.0020167
0.0041169
0.0084489
0.012967
0.016703
0.019617
0.021185
0.02077
0.022915
0.025184
0.022967
0.017755
0.012024
0.0082724
0.0066335
0.0043407
-0.0012137
-0.0066736
-0.0079011
-0.0049265
-0.0016696
-0.0004774
-0.00062782
-0.00070938
-0.00061399
-0.00067245
-0.00065183
-0.00069652
-0.0018962
-0.0046742
-0.0064199
-0.0087227
-0.0084885
-0.0067174
-0.004191
-0.00025917
0.0024639
0.0014581
-9.7846e-05
-0.0010173
-0.0042868
-0.005142
-0.0053324
-0.008407
-0.016204
-0.021434
-0.018617
-0.013235
-0.0073885
-0.0022409
-0.0051704
-0.0094258
-0.0075303
-0.0073895
-0.0079551
-0.0078714
-0.0091968
-0.013332
-0.018188
-0.018966
-0.018188
-0.018953
-0.019393
-0.022572
-0.024258
-0.02286
-0.021134
-0.019269
-0.018365
-0.01854
-0.016847
-0.015274
-0.012268
-0.0081074
-0.0039791
0.0033879
0.01271
0.01802
0.017842
0.01971
0.021678
0.022044
0.027227
0.031986
0.030879
0.026109
0.021216
0.017871
0.018411
0.020229
0.015138
0.0088698
0.0035344
0.0012916
-0.0020913
-0.0088988
-0.011306
-0.010955
-0.0078027
-0.0034981
0.0007829
0.0030289
0.0029417
0.0018853
0.0017195
0.0039672
0.0063201
0.0076821
0.0095395
0.012596
0.01589
0.019665
0.018259
0.018011
0.021731
0.019907
0.016852
0.015266
0.013267
0.01416
0.014141
0.01099
0.0095662
0.010005
0.0067936
-0.0010769
-0.0055198
-0.0045979
-0.007623
-0.011935
-0.016337
-0.019691
-0.018597
-0.018731
-0.021053
-0.027066
-0.030929
-0.030009
-0.032718
-0.032013
-0.025015
-0.019436
-0.015946
-0.013113
-0.011262
-0.011988
-0.01434
-0.012185
-0.0056907
-0.0028313
-0.0034829
-0.0023743
-0.0024963
-0.0045063
-0.0022342
-0.0030382
-0.005501
-0.0014012
0.0055137
0.0095004
0.013891
0.018753
0.017876
0.01718
0.017485
0.017663
0.020369
0.022082
0.022614
0.023247
0.024461
0.024617
0.024578
0.019043
0.010784
0.0071616
0.005898
0.0042351
0.0022063
-4.8294e-05
-0.0044468
-0.0025816
0.0033838
0.0074007
0.0052591
0.00016588
0.0017607
0.005236
0.0065082
0.0047096
0.0021134
0.0021329
0.00044222
-0.001222
-0.00028897
0.0016222
0.003399
0.0028538
0.0028311
0.0032663
0.0031337
0.0024753
0.00027316
-0.0013139
-0.00075514
-0.00022218
0.0027643
0.0044326
0.0043047
0.0044827
0.0052558
-0.00028295
-0.0054459
-0.0066423
-0.010612
-0.015105
-0.018149
-0.018854
-0.016827
-0.017569
-0.019198
-0.015884
-0.011253
-0.013109
-0.019519
-0.023794
-0.02595
-0.026009
-0.023602
-0.019428
-0.016699
-0.015322
-0.013637
-0.011326
-0.010564
-0.0076531
-0.0028444
0.0014054
0.003468
0.0011478
-0.0011336
-0.00067448
-0.00017961
0.0013866
0.0013757
0.0015473
0.0019798
-0.0012483
-0.00015602
0.0030067
0.004366
0.0064588
0.0048961
0.0022911
0.0059261
0.01169
0.016513
0.01723
0.013671
0.012595
0.010716
0.010022
0.011441
0.0097893
0.0099811
0.010315
0.0099151
0.0092294
0.0067922
0.0087788
0.010519
0.006835
0.0079025
0.011596
0.010652
0.0046326
-0.00098158
-0.00082437
0.00066956
0.00018404
-0.0022461
-0.0007149
-0.00059926
-0.0040256
-0.0081312
-0.0082891
-0.0076075
-0.0083154
-0.0085164
-0.0065869
-0.0043648
-0.0058097
-0.0053432
-0.003627
-0.0045889
-0.0031415
0.0024693
0.009009
0.013947
0.016508
0.014257
0.014202
0.014205
0.014919
0.019577
0.022456
0.023008
0.019195
0.01389
0.009034
0.0036601
-0.00083728
-0.0010901
-0.00086765
-0.0050119
-0.011253
-0.014775
-0.019237
-0.022497
-0.024422
-0.026486
-0.025973
-0.026009
-0.026142
-0.024448
-0.025535
-0.024554
-0.021512
-0.022001
-0.018065
-0.012323
-0.011279
-0.0086237
-0.0067409
-0.0017778
0.0090601
0.010874
0.012039
0.016886
0.019167
0.021076
0.020865
0.019618
0.017994
0.015045
0.011363
0.0094224
0.0086938
0.0033771
-0.0013222
-0.0010031
0.001724
0.0033371
0.0025195
0.00085556
-0.001297
-0.0010824
-0.0030762
-0.0069487
-0.006907
-0.0052639
-0.0064556
-0.0042153
-0.0039293
-0.0027154
0.00066311
-0.0015163
-0.0057499
-0.0081272
-0.0054956
-0.0047853
-0.0073778
-0.0050903
-0.0062725
-0.0040007
0.0037083
0.0073899
0.0089534
0.0095465
0.010745
0.017207
0.02136
0.023638
0.020605
0.014788
0.013399
0.011811
0.0069827
0.0023887
0.0024762
0.0018304
-0.0012869
-0.00096819
-0.00075183
-0.0029403
-0.004855
-0.0044434
-0.0052795
-0.0081672
-0.0079781
-0.0051663
-0.0053178
-0.0096139
-0.0078804
-0.0043257
-0.0081566
-0.0073355
-0.0036433
-0.0045151
-0.0043413
-0.0022321
0.00033252
0.0028725
0.0030133
0.0018696
0.00081789
0.0025881
0.0032426
0.0024653
0.002914
0.0030011
0.0050204
0.0070551
0.0061783
0.0053075
0.0010698
-0.0039952
-0.0050268
-0.0065394
-0.0096701
-0.011594
-0.01344
-0.01491
-0.01241
-0.010806
-0.011831
-0.01392
-0.015835
-0.015083
-0.014685
-0.012768
-0.011048
-0.012505
-0.014906
-0.013906
-0.0088932
-0.005527
-0.0040794
-0.0036937
-0.001136
0.0007201
0.0034716
0.0078827
0.011077
0.014552
0.018591
0.02313
0.022929
0.018147
0.017427
0.02079
0.021001
0.018062
0.015496
0.016644
0.017745
0.016981
0.017782
0.019855
0.018676
0.015237
0.013707
0.014287
0.014226
0.011148
0.0068979
0.0032523
0.0023468
0.002264
0.0020031
0.0038172
0.0051414
0.0016658
-0.00049828
0.0033125
0.0030876
0.0014202
-0.0020391
-0.0049393
-0.00404
-0.0044755
-0.0053179
-0.0066018
-0.0081692
-0.0080868
-0.0083588
-0.010729
-0.014692
-0.020357
-0.024959
-0.026421
-0.025909
-0.026887
-0.028922
-0.025832
-0.020677
-0.017345
-0.013031
-0.0086243
-0.0053602
-0.0037439
-0.0034178
-0.00094464
-0.00039837
-0.001703
-0.0032877
-0.0013935
0.0015616
0.0023665
9.0765e-06
-0.0014479
-0.00065424
-0.0031102
-0.0050388
-0.0037719
-0.00095788
0.004373
0.0075891
0.0091764
0.0085939
0.0051049
0.0042924
0.0029398
0.0025397
0.0028751
0.0014323
0.0014009
0.0031228
0.0028908
0.0016196
-0.0026049
-0.0054772
-0.005936
-0.0082009
-0.005382
-0.0035071
-0.0048025
-0.0041063
-0.0022622
0.0019779
0.0064392
0.0097699
0.012739
0.01406
0.014046
0.016499
0.016232
0.013055
0.013286
0.010676
0.0057338
0.0031995
0.0025169
0.0034721
0.006193
0.009849
0.012715
0.014587
0.016316
0.015797
0.012896
0.011351
0.0095938
0.0098156
0.0077875
0.0042109
0.0026184
-0.00026019
-0.0003778
0.0015096
-0.0016987
-0.004668
-0.0067642
-0.0086526
-0.0096839
-0.014121
-0.016179
-0.016484
-0.018291
-0.018086
-0.018884
-0.0189
-0.018412
-0.016586
-0.014453
-0.014052
-0.011427
-0.01122
-0.011139
-0.0078647
-0.0066091
-0.0092529
-0.011944
-0.01209
-0.012386
-0.011136
-0.0078194
-0.0042331
-0.0017118
0.00026048
0.0026289
0.0042522
0.0062153
0.0061609
0.0020932
-0.0024212
-0.0049598
-0.0042697
-0.0038717
-0.0016979
0.0015665
0.0030152
0.0032109
0.0054612
0.0098946
0.012167
0.015487
0.017852
0.015953
0.013396
0.013845
0.014158
0.013194
0.013548
0.013885
0.013703
0.01411
0.013858
0.013513
0.013451
0.013668
0.013839
0.013414
0.011853
0.0088291
0.0054938
0.0022205
-0.0006015
-0.0032559
-0.0032721
-0.0012856
-0.0040541
-0.005822
-0.0079666
-0.012085
-0.015494
-0.018358
-0.018991
-0.018428
-0.018135
-0.015101
-0.011817
-0.013816
-0.015769
-0.013664
-0.010449
-0.0069995
-0.0061831
-0.0079983
-0.0061104
-0.00069972
0.0034883
0.0064583
0.0086542
0.010141
0.0095656
0.0093604
0.013196
0.017187
0.01811
0.019346
0.019389
0.017465
0.020393
0.018723
0.016446
0.018006
0.017382
0.016917
0.014604
0.012545
0.010737
0.0090423
0.010079
0.0081392
0.0050872
0.0028219
-0.00093673
-0.0047286
-0.0073402
-0.0080494
-0.0076627
-0.009682
-0.012913
-0.014866
-0.017034
-0.019035
-0.019806
-0.02222
-0.024315
-0.026003
-0.025767
-0.025542
-0.026183
-0.027834
-0.029738
-0.029257
-0.029168
-0.02939
-0.029162
-0.028042
-0.02443
-0.020855
-0.017775
-0.013905
-0.0092988
-0.0050341
0.00066272
0.0062039
0.0073083
0.0064948
0.0076477
0.010111
0.011993
0.014036
0.01547
0.017595
0.016891
0.013718
0.014305
0.017181
0.018481
0.02032
0.021411
0.021088
0.023964
0.025386
0.024453
0.024818
0.024452
0.021882
0.017485
0.014183
0.0091617
0.0035945
0.0027729
0.003718
0.0029384
0.003034
0.0028781
0.001992
0.0029057
0.0033592
0.0038342
0.0067176
0.0059603
0.0027896
0.0028957
0.0032066
0.0027882
0.0013993
-0.0025615
-0.0050296
-0.0063834
-0.0084982
-0.0087101
-0.0095301
-0.010371
-0.0087666
-0.0073734
-0.0080323
-0.007643
-0.0055435
-0.0038014
-0.0043679
-0.0035143
-0.0010488
-9.7465e-05
0.0017569
0.0035167
0.0026135
0.0028133
0.0029125
0.0027173
0.0029818
0.0041857
0.00413
0.0027352
0.0047024
0.0064318
0.0056167
0.0063642
0.0064569
0.0058881
0.0043945
0.0023141
0.0026147
0.0024245
-0.00027897
-0.0034642
-0.0049639
-0.004362
-0.0019376
0.0022985
0.0044026
0.0042196
0.002325
0.0019235
0.0026512
0.002473
0.0024111
0.0015459
-0.0012241
-0.0018613
-0.0038727
-0.0078646
-0.0075657
-0.0047904
-0.0046741
-0.006342
-0.0085938
-0.0091252
-0.010939
-0.012818
-0.011915
-0.012148
-0.011964
-0.0099775
-0.00834
-0.0062928
-0.0044855
-0.0064102
-0.0088334
-0.0080624
-0.0079526
-0.010296
-0.012881
-0.015135
-0.016374
-0.015863
-0.01593
-0.015497
-0.015022
-0.015894
-0.013474
-0.011703
-0.012258
-0.0094537
-0.0085119
-0.0095696
-0.008249
-0.0063111
-0.0039647
-0.0018375
-0.0015219
-0.0019624
-0.0015573
-0.00081979
-0.00057956
-0.0025216
-0.0050301
-0.0055203
-0.0019714
0.0020376
0.0023548
0.0039048
0.0051794
0.0040229
0.0029726
0.0033202
0.0053326
0.0053533
0.0046257
0.002859
0.0032282
0.0061924
0.0072771
0.0092099
0.0090909
0.011178
0.013482
0.014096
0.015825
0.016054
0.015712
0.015977
0.01635
0.017629
0.018811
0.019046
0.018251
0.015589
0.015531
0.014985
0.01084
0.010332
0.011573
0.0077314
0.0051594
0.0040137
0.0020361
0.00096404
0.00088484
-0.0014993
-0.00065032
0.0022116
0.001017
0.00067122
-0.001596
-0.003439
-0.0046843
-0.0075548
-0.0092164
-0.0095315
-0.0086083
-0.0057566
-0.0035128
-0.0039701
-0.0060164
-0.0030367
-0.0016282
-0.0030337
-0.0041985
-0.0064261
-0.0053612
-0.0024795
-0.002097
-0.0033207
-0.0053135
0
0
0
0
0
0
0
0
0
0
0
0
0
0
0
0
0
0
0
0
0
0
0
0
0
0
0
0
0
0
0
0
0
0
0
0
0
0
0
0
0
0
0
0
0
0
0
0
0
0
0
0
0
0
0
0
0
0
0
0
0
0
0
0
0
0
0
0
0
0
0
0
0
0
0
0
0
0
0
0
0
0
0
0
0
0
0
0
0
0
0
0
0
0
0
0
0
0
0
0
0
0
0
0
0
0
0
0
0
0
0
0
0
0
0
0
0
0
0
0
0
0
0
0
0
0
0
0
0
0
0
0
0
0
0
0
0
0
0
0
0
0
0
0
0
0
0
0
0
0
0
0
0
0
0
0
0
0
0
0
0
0
0
0
0
0
0
0
0
0
0
0
0
0
0
0
0
0
0
0
0
0
0
0
0
0
0
0
0
0
0
0
0
0
0
0
0
0
0
0
0
0
0
0
0
0
0
0
0
0
0
0
0
0
0
0
0
0
0
0
0
0
0
0
0
0
0
0
0
0
0
0
0
0
0
0
0
0
0
0
0
0
0
0
0
0
0
0
0
0
0
0
0
0
0
0
0
0
0
0
0
0
0
0
0
0
0
0
0
0
0
0
0
0
0
0
0
0
0
0
0
0
0
0
0
0
0
0
0
0
0
0
0
0
0
0
0
0
0
0
0
0
0
0
0
0
0
0
0
0
0
0
0
0
0
0
0
0
0
0
0
0
0
0
0
0
0
0
0
0
0
0
0
0
0
0
0
0
0
0
0
0
0
0
0
0
0
0
0
0
0
0
0
0
0
0
0
0
0
0
0
0
0
0
0
0
0
0
0
0
0
0
0
0
0
0
0
0
0
0
0
0
0
0
0
0
0
0
0
0
0
0
0
0
0
0
0
0
0
0
0
0
0
0
0
0
0
0
0
0
0
0
0
0
0
0
0
0
0
0
0
0
0
0
0
0
0
0
0
0
0
0
0
0
0
0
0
0
0
0
0
0
0
0
0
0
0
0
0
0
0
0
0
0
0
0
0
0
0
0
0
0
0
0
0
0
0
0
0
0
0
0
0
0
0
0
0
0
0
0
0
0
0
0
0
0
0
0
0
0
0
0
0
0
0
0
0
0
0
0
