-3.5396e-10
-3.0256e-05
-0.00081878
-0.0021908
-0.0019659
-0.0018144
-0.0019762
-0.0019267
-0.0021404
-0.0022703
-0.0018791
-0.0023461
-0.0027488
-0.0027741
-0.0027041
-0.0017592
-0.0029565
-0.0063929
-0.0043987
-0.0019856
-0.0034668
-0.012116
-0.0090487
0.00068965
0.00099996
-0.014399
-0.020313
0.0030557
-0.0030256
-0.00948
-0.0096781
-0.022511
-0.00056261
0.0055285
-0.014923
-0.010394
0.004511
0.019169
0.0087147
-0.014126
-0.0061348
0.007833
0.0047248
0.0053592
0.0018141
-0.007784
0.016303
0.038836
0.01611
0.0026068
0.0036013
0.014533
0.015135
0.0047274
0.012295
0.02022
0.027582
-0.0025437
-0.0042611
0.036333
0.024892
0.010197
-0.030062
-0.046696
-0.031781
-0.051081
-0.080049
-0.10254
-0.066404
-0.016942
-0.0091824
-0.020092
-0.14024
-0.21446
-0.12384
0.027705
0.22814
0.099046
-0.16792
-0.11357
-0.037062
0.075208
0.10045
-0.072102
-0.058409
0.15528
0.32967
0.46096
0.46718
0.1863
-0.06649
-0.049744
-0.0043777
0.0038783
-0.021824
-0.10665
-0.083668
-0.045747
-0.1819
-0.28888
-0.23842
0.0017183
0.22894
0.30059
0.32306
0.30431
0.21704
0.087631
-0.1055
-0.20726
-0.20217
-0.18832
-0.078247
0.035732
-0.045544
-0.19613
-0.26691
-0.27422
-0.21439
-0.045246
0.092694
0.06702
0.097662
0.19963
0.27571
0.33266
0.35797
0.23088
0.10415
0.10149
0.12185
0.10437
0.057799
-0.019438
-0.079773
-0.11647
-0.1036
-0.025828
0.021681
-0.055339
-0.11536
-0.10516
-0.078869
-0.036458
-0.04261
-0.063368
-0.071834
-0.084677
-0.044965
0.060884
0.081786
-0.040344
-0.0601
0.0014045
0.0116
0.023321
0.02549
0.0023315
-0.037005
-0.094829
-0.152
-0.17723
-0.15371
-0.14688
-0.1568
-0.19887
-0.1948
-0.09525
-0.072885
-0.094283
-0.095022
-0.13243
-0.17644
-0.18452
-0.11809
-0.066389
-0.076796
-0.092895
-0.10851
-0.070256
-0.0040731
0.0056509
0.060875
0.11617
0.13367
0.11059
0.027632
-0.030582
0.0080878
0.079411
0.134
0.17715
0.18051
0.13527
0.056191
0.051721
0.10912
0.11494
0.080205
0.050175
0.03504
0.044068
0.019328
-0.063119
-0.091401
-0.063123
-0.046604
0.00074067
0.016384
-0.023309
-0.05141
-0.064218
-0.042127
0.05127
0.14363
0.10553
0.045497
0.056744
0.06111
0.039471
0.041559
0.053766
0.025224
-0.017808
-0.0086761
0.075723
0.11679
0.075335
0.09155
0.14587
0.15724
0.087686
0.024367
0.030708
-0.0037829
-0.039806
-0.032117
-0.033893
-0.012088
0.00042873
-0.032821
-0.031016
0.03957
0.11597
0.13287
0.13899
0.12245
0.098892
0.084253
-0.02022
-0.14304
-0.16058
-0.040237
0.10901
0.098418
0.088483
0.10142
0.066543
0.040339
-0.013887
-0.041732
-0.019082
-0.020916
-0.0083659
0.0051236
-0.038274
-0.11434
-0.14101
-0.14093
-0.17897
-0.22884
-0.21854
-0.17499
-0.12788
0.014768
0.12685
0.059839
-0.016537
-0.075594
-0.041239
0.10848
0.14956
0.12208
0.10439
0.072602
0.044721
0.018993
0.0089194
0.033992
0.027399
0.0021395
-0.031596
-0.091424
-0.14233
-0.16939
-0.17697
-0.18432
-0.21997
-0.20236
-0.0017861
0.081076
0.0092073
-0.049068
-0.13393
-0.17839
-0.16002
-0.14248
-0.12257
-0.022427
0.091953
0.13087
0.14269
0.11303
0.039906
-0.011489
-0.0095325
0.022823
0.045566
0.0345
0.018441
0.032554
0.030514
-0.0081115
-0.023326
-0.015009
-0.0033648
0.033206
0.051469
0.046185
0.058601
0.065421
0.079567
0.075408
0.045176
0.026006
0.0016793
0.0055887
0.033945
0.022436
-0.030705
-0.070455
-0.047176
0.02652
0.079628
0.097623
0.090609
0.086815
0.087101
0.074007
0.059926
0.054543
0.042484
-0.0026763
-0.063492
-0.084465
-0.063381
-0.033486
9.6843e-05
0.02245
0.019449
0.010601
0.013217
0.036787
0.062185
0.066814
0.063258
0.064037
0.061472
0.040736
0.015032
0.0060553
-0.0059703
-0.021351
-0.022893
-0.02474
-0.021098
-0.023076
-0.034198
-0.033378
-0.036856
-0.050052
-0.06071
-0.052728
-0.013799
0.018758
0.0086141
-0.0014476
-0.0044716
-0.025203
-0.049849
-0.061779
-0.057077
-0.054691
-0.058459
-0.053165
-0.043806
-0.022482
0.004706
0.015378
0.017623
0.022919
0.011314
-0.015435
-0.026851
-0.031802
-0.031646
-0.0061623
0.033644
0.059919
0.06615
0.057095
0.050553
0.053558
0.052564
0.040589
-0.0015188
-0.050092
-0.057232
-0.049871
-0.039125
-0.028085
-0.024241
-0.025585
-0.0271
-0.011952
-0.0054601
-0.0043225
0.012581
0.013894
0.0080773
0.0093253
0.0099147
0.0033913
-0.0099331
-0.0013599
0.014079
0.021063
0.03606
0.040223
0.013971
-0.016222
-0.022166
-0.021482
-0.021133
-0.0067476
0.020353
0.024016
0.023496
0.041725
0.042768
0.037502
0.035244
0.02423
-0.0015695
-0.034946
-0.048307
-0.041728
-0.033016
-0.027273
-0.014333
-0.00063937
-0.0051981
-0.013828
-0.011499
-0.014254
-0.025471
-0.027729
-0.028146
-0.034512
-0.029997
-0.0054465
0.0039144
-0.02341
-0.042802
-0.040619
-0.033418
-0.018713
-0.00063349
0.0082108
0.010885
0.010329
0.0096932
0.021913
0.024618
0.013415
0.0063752
0.013297
0.033324
0.041693
0.031996
0.019186
0.013574
0.013189
0.0044719
-0.013728
-0.013944
-0.0018807
0.0035094
0.0061827
0.0052873
-0.0032099
0.0082877
0.034327
0.041007
0.032835
0.023315
0.024589
0.014642
-0.011028
-0.012977
0.0069662
0.01849
0.016521
0.0061764
-0.0034208
-0.014485
-0.018597
-0.017357
-0.026594
-0.035545
-0.028091
-0.0032205
0.0069024
0.0013954
0.011321
0.0219
0.010724
-0.0069918
-0.009408
-0.0048849
-0.0060616
-0.012509
-0.022689
-0.034046
-0.033086
-0.023974
-0.020336
-0.022126
-0.028027
-0.036677
-0.041927
-0.038033
-0.021221
-0.0081065
-0.009544
-0.0085101
-4.7997e-05
0.0087294
0.015494
0.015583
0.01925
0.024525
0.02375
0.024401
0.030764
0.039477
0.041441
0.034234
0.029194
0.036257
0.046443
0.043383
0.025171
0.0038858
-0.0072285
-0.017837
-0.031008
-0.027309
-0.0082302
0.0035177
-0.0063559
-0.02088
-0.022545
-0.01846
-0.014137
-0.0076841
0.0013319
0.0067622
0.0075516
0.0044946
-0.0015538
-0.003463
-0.0027913
0.00031195
0.0084998
0.020902
0.026419
0.020164
0.011394
0.0089238
0.011046
0.014828
0.024225
0.029852
0.026353
0.01803
0.0078851
0.0028679
0.00050311
0.0022525
0.012154
0.019546
0.019982
0.019351
0.018588
0.014474
0.0048269
-0.0025904
-0.004647
-0.0046515
-0.0053347
-0.0046038
-0.0066269
-0.012262
-0.01531
-0.016909
-0.020401
-0.023682
-0.025381
-0.023141
-0.017061
-0.013582
-0.014515
-0.015422
-0.014782
-0.013194
-0.012168
-0.011731
-0.011482
-0.011432
-0.010568
-0.0089207
-0.0074494
-0.0060462
-0.0047887
-0.0036875
-0.0026224
-0.0016522
-0.00019014
0.0014701
0.0027623
0.0038554
0.0048285
0.0056583
0.0063574
0.0069109
0.007334
0.0076311
0
0
0
0
0
0
0
0
0
0
0
0
0
0
0
0
0
0
0
0
0
0
0
0
0
0
0
0
0
0
0
0
0
0
0
0
0
0
0
0
0
0
0
0
0
0
0
0
0
0
0
0
0
0
0
0
0
0
0
0
0
0
0
0
0
0
0
0
0
0
0
0
0
0
0
0
0
0
0
0
0
0
0
0
0
0
0
0
0
0
0
0
0
0
0
0
0
0
0
0
0
0
0
0
0
0
0
0
0
0
0
0
0
0
0
0
0
0
0
0
0
0
0
0
0
0
0
0
0
0
0
0
0
0
0
0
0
0
0
0
0
0
0
0
0
0
0
0
0
0
0
0
0
0
0
0
0
0
0
0
0
0
0
0
0
0
0
0
0
0
0
0
0
0
0
0
0
0
0
0
0
0
0
0
0
0
0
0
0
0
0
0
0
0
0
0
0
0
0
0
0
0
0
0
0
0
0
0
0
0
0
0
0
0
0
0
0
0
0
0
0
0
0
0
0
0
0
0
0
0
0
0
0
0
0
0
0
0
0
0
0
0
0
0
0
0
0
0
0
0
0
0
0
0
0
0
0
0
0
0
0
0
0
0
0
0
0
0
0
0
0
0
0
0
0
0
0
0
0
0
0
0
0
0
0
0
0
0
0
0
0
0
0
0
0
0
0
0
0
0
0
0
0
0
0
0
0
0
0
0
0
0
0
0
0
0
0
0
0
0
0
0
0
0
0
0
0
0
0
0
0
0
0
0
0
0
0
0
0
0
0
0
0
0
0
0
0
0
0
0
0
0
0
0
0
0
0
0
0
0
0
0
0
0
0
0
0
0
0
0
0
0
0
0
0
0
0
0
0
0
0
0
0
0
0
0
0
0
0
0
0
0
0
0
0
0
0
0
0
0
0
0
0
0
0
0
0
0
0
0
0
0
0
0
0
0
0
0
0
0
0
0
0
0
0
0
0
0
0
0
0
0
0
0
0
0
0
0
0
0
0
0
0
0
0
0
0
0
0
0
0
0
0
0
0
0
0
0
0
0
0
0
0
0
0
0
0
0
0
0
0
0
0
0
0
0
0
0
0
0
0
0
0
0
0
0
0
0
0
0
0
0
0
0
0
0
0
0
0
0
