6.6574e-06
2.878e-05
8.0418e-05
6.4177e-05
-9.8345e-06
4.2531e-06
-1.6873e-06
2.1723e-05
7.2018e-05
2.0464e-05
2.8732e-05
7.5099e-05
2.1098e-05
4.3197e-05
1.0544e-05
-1.7909e-05
7.0186e-06
1.771e-05
3.1741e-05
3.5385e-05
-2.2621e-05
-2.4816e-05
-1.6401e-05
-2.8421e-05
1.7759e-05
8.6981e-05
9.6012e-06
-5.6704e-06
-9.8676e-06
-4.6467e-05
1.1448e-05
5.0443e-05
1.204e-05
-1.0075e-05
-1.6831e-05
-5.4349e-05
-1.3851e-05
-3.4031e-05
4.6906e-05
7.2579e-05
6.5634e-06
2.2919e-05
-5.8762e-05
-0.00019369
-0.00018724
-7.951e-05
-7.9995e-05
-0.00020097
6.9616e-05
5.9681e-05
-0.00010101
-8.637e-05
-0.0002715
-0.00065552
-0.0011032
-0.00099906
-0.00052276
0.0001313
0.00064467
0.00089948
-5.5868e-05
-0.0017547
-0.001932
-0.001162
-0.0014152
-0.0024019
-0.0024746
-0.0019532
-0.0011935
0.00013549
0.00096178
0.00049874
-0.0030649
-0.0045853
-0.0037759
-0.0033238
-0.0042712
-0.0032714
-0.00088433
-3.8671e-05
-0.00025818
0.00033327
-0.0016922
-0.0024253
-0.0024366
-0.0072359
-0.0096587
-0.0078285
-0.0050185
0.0014357
0.0086837
0.0078398
-0.0003508
-0.00087335
0.0011697
-0.0023057
-0.0057209
-0.0076878
-0.0089057
-0.0082762
0.0011972
0.0063587
0.0068801
0.0071747
0.01073
0.0045788
-0.0046751
0.0046122
0.0050198
0.0061659
0.00042758
-0.002489
0.0037182
0.0046659
-0.0016541
-0.0059325
0.003387
-0.0010122
-0.0094939
-0.0056973
-0.0091885
-0.012503
-0.0042193
0.0091713
0.0087192
0.0040733
-0.0022795
0.001012
0.0064459
0.00028718
0.0010784
0.004588
0.004443
-0.01229
-0.019165
-0.027499
-0.021359
-0.0067963
0.0033999
0.015406
0.0055124
-0.0030948
0.0005069
0.006807
-0.0021483
-0.017416
-0.021977
-0.0070897
-0.0022364
-0.014112
-0.012652
-0.0044886
0.0055769
-0.0034634
-0.016466
-0.011781
-0.01055
-0.0055347
-0.00095522
-0.0033141
0.0086547
0.018745
-9.3525e-05
-0.026957
-0.025051
-0.0036505
0.0092187
-0.0064714
-0.029496
-0.03041
-0.020737
-0.0064183
0.0053996
0.0056465
0.006585
0.012916
0.026208
0.025605
0.011659
0.005667
0.0094398
0.021075
0.034251
0.020432
-0.0032849
-0.0047573
0.011281
0.027954
0.038157
0.034936
0.034584
0.054617
0.058007
0.052105
0.030859
0.02461
0.010989
-0.018097
-0.01697
0.0013816
0.0048015
0.0078244
0.037922
0.020964
-0.005255
-0.0078514
-0.002469
-0.010436
-0.023893
0.013699
0.046085
0.027534
-0.0052923
0.00072815
0.0071991
0.0027357
-0.0026279
-0.012807
-0.043226
-0.027995
-0.016446
-0.0295
-0.015125
-0.022114
-0.0099339
0.010627
0.03573
0.024649
-0.010861
-0.012944
0.0020004
0.0015936
-0.0037795
0.005989
0.012008
0.013551
0.002
0.012698
0.019734
0.011171
0.019822
0.018491
-0.0055505
-0.018213
-0.029442
-0.051858
-0.040651
-0.016988
-0.013343
0.00025286
0.0043638
0.01234
0.025107
0.0061437
0.0066973
0.021334
0.0017231
-0.0093837
0.016155
0.010855
0.0085213
0.034864
0.046704
0.043698
0.003475
-0.022815
-0.039232
-0.039473
-0.0092128
0.016538
0.036897
0.035084
0.01134
0.015158
0.035194
0.01705
-0.017124
-0.061228
-0.10031
-0.08572
-0.055503
-0.027828
-0.00046964
0.012357
0.038773
0.059625
0.041995
0.037029
0.039041
0.020609
0.039097
0.024851
-0.026637
-0.048554
-0.055546
-0.0397
0.00064676
0.0090646
-0.051772
-0.065898
-0.045493
-0.059415
-0.039598
-0.010348
-0.021675
0.0073946
0.051002
0.040051
0.02766
0.042812
0.046854
0.03789
0.022954
-0.0008637
-0.021005
-0.028897
-0.034963
-0.039459
-0.025225
0.0081481
0.019374
0.0072903
0.013635
0.0071981
0.009398
0.017817
0.01354
0.023845
0.017396
0.018941
0.054151
0.058929
0.034954
0.021749
-0.00067887
-0.00047854
-0.032496
-0.068818
-0.070346
-0.046769
-0.0027789
0.013351
0.028826
0.016025
-0.0045848
-0.010308
-0.0085023
0.016181
0.029703
0.025334
0.011923
0.017394
0.0056834
-0.024721
-0.027309
-0.03381
-0.02492
-0.0040457
0.011577
0.0078553
0.0026542
0.010259
0.0064084
0.0034697
-0.012826
-0.0024884
-0.013347
-0.047541
-0.061539
-0.073195
-0.084614
-0.085163
-0.05984
-0.030628
-0.010852
-0.011046
-0.011944
-0.00047295
0.0075827
0.029556
0.061482
0.06413
0.05173
0.026515
0.0097772
0.017247
0.033264
0.053344
0.019998
-0.029382
-0.027042
-0.017785
-0.011001
0.016712
0.053621
0.038522
-0.014226
-0.034737
-0.049022
-0.049796
-0.0088363
0.041146
0.070862
0.047033
0.020437
0.0092016
0.01685
0.045981
0.056462
0.042696
0.037911
0.082985
0.11326
0.089649
0.020508
-0.016272
0.0033999
-0.028588
-0.091413
-0.096815
-0.064403
-0.060398
-0.065318
-0.048173
-0.0049184
-0.048144
-0.14128
-0.15435
-0.10447
-0.027828
-0.013238
0.0043034
0.0065323
-0.002816
-0.016716
-0.056594
0.010639
0.12273
0.17143
0.13536
0.10021
0.072583
0.02419
-0.015114
-0.060276
-0.094207
-0.10017
-0.035258
0.088125
0.15374
0.10666
0.047807
0.0063599
-0.024693
0.021287
0.12161
0.076423
-0.03643
-0.049898
-0.057591
-0.0202
0.109
0.18207
0.11696
-0.056751
-0.16825
-0.10816
-0.049882
-0.033712
-0.028321
-0.061272
-0.13135
-0.21694
-0.23179
-0.20111
-0.13911
-0.057777
-0.0041123
0.069257
0.097389
0.10721
0.12584
0.074453
0.058772
0.12897
0.065244
0.00099459
-0.0029756
-0.084168
-0.046748
0.058033
0.051038
-0.0041366
-0.083319
-0.15274
-0.20177
-0.24827
-0.21792
-0.12382
0.02751
0.15511
0.15063
0.15763
0.18229
0.19193
0.17174
0.091207
-0.031395
-0.12263
-0.12017
-0.055662
0.066469
0.12346
-0.0058617
-0.17664
-0.28954
-0.29261
-0.18092
-0.069192
-0.065882
-0.1524
-0.20456
-0.157
-0.030303
0.070229
0.10692
0.14108
0.17297
0.10432
-0.020515
-0.071473
-0.052812
0.074815
0.11638
0.029841
0.0035397
0.039815
0.15979
0.21351
0.12242
0.020561
-0.040261
-0.065904
-0.043008
-0.043057
-0.11442
-0.14676
-0.13513
-0.075529
0.019232
0.055089
0.046993
0.048847
0.053165
0.031178
-0.018077
-0.1009
-0.15162
-0.10531
0.0042188
0.018696
-0.031959
-0.025342
0.029144
0.11506
0.12882
0.13767
0.17571
0.14222
0.1057
0.12055
0.1455
0.14238
0.13733
0.12708
0.098195
0.095056
0.096855
0.085891
0.049625
0.017012
-0.0075308
-0.03349
-0.043784
-0.065785
-0.10032
-0.10503
-0.056947
-0.026637
-0.032247
-0.030517
-0.026289
0.0066022
0.035749
0.048806
0.038957
0.011172
0.015214
0.018753
0.013331
0.045217
0.10888
0.10583
0.03557
-0.020247
-0.011921
0.034562
0.047319
0.017387
-0.024498
-0.067618
-0.054999
-0.013497
0.0050554
-0.012516
0.0030018
0.028444
0.043854
0.072443
0.046406
-0.0067672
-0.027201
-0.068502
-0.070913
-0.0043914
0.025963
0.025891
0.026653
0.02786
0.038088
0.036344
0.01329
-0.010703
-0.0045968
0.016271
0.015649
0.0033864
-0.0011809
0.017885
0.048801
0.029478
-0.0028232
-0.016213
-0.03419
-0.03423
-0.035231
-0.071117
-0.13223
-0.17894
-0.17916
-0.14119
-0.1239
-0.097348
-0.068319
-0.058963
-0.015886
0.035802
0.070392
0.083168
0.05263
0.020542
0.0039273
-0.026369
-0.027254
-0.018753
-0.031808
-0.048762
-0.072743
-0.062213
-0.029037
-0.030672
-0.052384
-0.071792
-0.088426
-0.095283
-0.094627
-0.078437
-0.039131
0.020104
0.062243
0.074607
0.089828
0.098962
0.087982
0.08039
0.069111
0.053772
0.076118
0.10476
0.095103
0.059527
0.029127
0.0034503
-0.0093808
-0.0030152
0.0060816
0.00092619
0.0042646
0.025343
0.035416
0.044628
0.055405
0.054785
0.035442
0.038713
0.072599
0.068814
0.054093
0.058996
0.039821
0.020947
0.006566
-0.014998
-0.046784
-0.05513
-0.045478
-0.042923
-0.031499
-0.027994
-0.022512
-0.013685
-0.0086646
-0.006424
-0.0079246
-0.0011413
0.014012
0.018483
-0.0060089
-0.047467
-0.058298
-0.061722
-0.061385
-0.054995
-0.071471
-0.084355
-0.082099
-0.071442
-0.05585
-0.035275
-0.008855
0.0069982
0.028332
0.056513
0.066693
0.065921
0.04391
0.021069
0.010703
-0.0089997
-0.0090839
-0.013861
-0.021879
-0.0093783
-0.0051172
-0.011645
-0.014234
-0.024248
-0.032805
-0.012726
0.0063965
0.0045922
0.0050401
0.0056455
-0.0069502
-0.026147
-0.020338
-0.014399
-0.011092
-0.010157
-0.020916
-0.032447
-0.050853
-0.048641
-0.015847
0.013615
0.025847
0.014712
0.015633
0.034845
0.032411
0.024511
0.011462
0.0027474
0.0082058
0.007201
0.0032356
0.017734
0.02741
0.013658
0.014485
0.031386
0.035204
0.025109
0.006358
-0.00060297
0.011689
0.029589
0.029864
0.028498
0.046486
0.049975
0.03477
0.020979
-0.00031198
-0.041744
-0.066147
-0.07559
-0.067151
-0.0355
-0.03955
-0.038404
-0.0034404
0.014304
0.028863
0.040229
0.035835
0.022408
0.008207
0.019244
0.033523
0.040609
0.02211
-0.0062882
-0.0085156
-0.002407
0.016833
0.035602
0.037963
0.026279
0.023268
0.03336
0.02917
0.023254
0.0056489
-0.016108
-0.0050926
-0.0048431
-0.013808
-0.016109
-0.012101
-0.0087694
-0.034382
-0.045363
-0.039261
-0.041422
-0.055368
-0.053229
-0.026674
-0.0085795
0.0039422
0.013301
0.020041
0.019201
0.0033577
-0.0012912
0.0014234
-0.015072
-0.026112
-0.020975
-0.018968
-0.024284
-0.027183
-0.029495
-0.036557
-0.045282
-0.052664
-0.034405
-0.015061
0.0027617
0.047986
0.077524
0.075052
0.060523
0.037815
0.027234
0.023517
0.0098659
0.01812
0.028192
0.02366
0.01622
0.011472
-5.0355e-05
-0.018001
-0.025772
-0.041888
-0.04341
-0.038301
-0.03806
-0.038676
-0.02888
-0.023274
-0.030332
-0.031688
-0.012753
0.0018288
-0.0088117
-0.015479
-0.014262
-0.0031015
0.01265
0.0044909
-0.014889
-0.0030941
0.010916
0.0026279
-0.0038368
0.011552
0.023358
0.02198
0.034052
0.049896
0.049643
0.025082
0.0029338
0.0057868
0.020074
0.035293
0.050511
0.064339
0.070323
0.053964
0.025662
0.0098004
-0.0010869
-0.014127
-0.024037
-0.017428
-0.019387
-0.029087
-0.028325
-0.0085871
0.0040314
0.0053763
0.016727
0.029881
0.038064
0.042609
0.047084
0.044165
0.039854
0.041048
0.042191
0.028615
0.010661
0.00084779
-0.0072065
-0.014693
0.0044994
0.011898
-0.0061688
-0.014472
-0.015791
-0.025587
-0.046934
-0.047755
-0.035986
-0.018487
0.0054198
-0.00092452
-0.011212
-0.010425
-0.017041
-0.010486
0.0076186
0.011724
-0.0057963
-0.027615
-0.036714
-0.038085
-0.031083
-0.01982
-0.0073726
-0.0015703
-0.015706
-0.017008
-0.016825
-0.020885
-0.024328
-0.044978
-0.06
-0.056488
-0.034621
-0.016005
-0.006163
-0.018929
-0.026502
-0.019262
-0.019945
-0.010338
0.0045606
0.023477
0.040775
0.031154
0.0016741
-0.017173
-0.017001
0.0029995
0.026793
0.045696
0.045692
0.025855
-4.035e-05
-0.021662
-0.024203
-0.0041664
0.010211
0.001125
-0.008777
-0.017838
-0.014206
0.0059627
0.014684
0.022519
0.025917
0.022816
0.021065
0.018057
0.025246
0.032031
0.032456
0.038429
0.03122
0.0095832
-0.00019925
0.01292
0.029327
0.026011
0.013858
-0.0013661
-0.015749
-0.01604
-0.016503
-0.025434
-0.029819
-0.030614
-0.029553
-0.026467
-0.027945
-0.036712
-0.033955
-0.013346
0.012402
0.026457
0.033221
0.045542
0.04951
0.047983
0.047075
0.044738
0.040545
0.02809
0.0082158
-0.0026942
-0.0078359
-0.025125
-0.039527
-0.02944
-0.025221
-0.033277
-0.029897
-0.022555
-0.015467
-0.014448
-0.013741
-0.0087456
-0.0036498
0.0034917
-0.0029767
-0.010993
-0.017209
-0.024299
-0.015663
-0.0025816
0.0053036
0.0012013
-0.0065184
-0.013888
-0.027048
-0.030228
-0.030834
-0.024204
-0.0040732
0.012983
0.018879
0.011959
0.010662
0.011565
0.0226
0.0317
0.0334
0.023567
0.0092614
2.7299e-05
-0.0046525
-0.0015521
-0.0083042
-0.01382
-0.0086632
-0.0013987
-0.0023524
0.0010243
0.018474
0.031781
0.042549
0.04752
0.041227
0.031264
0.027245
0.018237
-0.0007401
-0.028105
-0.054578
-0.061718
-0.06073
-0.058437
-0.043869
-0.031633
-0.029499
-0.020344
-0.00024156
0.012389
0.033336
0.043237
0.027073
0.018379
0.0096386
-0.014353
-0.030924
-0.020382
-0.0011959
0.005828
0.0074051
0.019234
0.046871
0.059963
0.054709
0.037758
0.010392
0.0013519
0.0097844
0.015772
0.030221
0.035403
0.019661
0.010992
0.0065639
-0.0021249
-0.022535
-0.037078
-0.021945
-0.022511
-0.02503
-0.025851
-0.039791
-0.032571
-0.017703
-0.012114
0.0052338
0.0018473
-0.0075993
-0.0042554
-0.016336
-0.035029
-0.055879
-0.062638
-0.058732
-0.064126
-0.055564
-0.023467
0.0045092
0.021493
0.032031
0.036773
0.033256
0.014273
0.005869
0.022774
0.037391
0.024053
0.006449
0.0027598
-2.1458e-05
0.0078472
0.0028758
-0.02611
-0.05414
-0.056012
-0.028184
0.00095777
0.0089907
-0.0067551
-0.0084308
0.0090955
0.030988
0.046352
0.04346
0.044541
0.029456
-0.003617
-0.0086238
-0.00074501
0.013359
0.023124
0.013729
0.011875
0.0087857
-0.011502
-0.017178
-0.012073
-0.0025173
0.016541
0.026609
0.025523
0.019773
0.009881
-0.0065221
-0.02513
-0.029145
-0.023343
-0.010659
0.012095
0.035765
0.03612
0.016478
0.0040914
-0.0037289
-0.0111
-0.0078782
-0.0010956
-0.0086483
-0.022983
-0.022924
0.0037862
0.036332
0.039939
0.014789
-0.018385
-0.020423
0.0028858
0.020374
0.026885
0.022311
0.018155
0.0085977
-0.0074622
-0.017048
-0.016482
0.00043673
0.0036584
-0.0045535
-0.0074197
-0.013642
-0.0093258
-0.0068337
-0.0098912
0.0070976
0.029388
0.025745
0.018542
0.024409
0.019053
0.0084942
0.0002374
-0.007853
-0.0045043
-0.0021503
-0.0042452
0.0026968
-0.0033556
-0.01659
-0.0068924
0.0057425
0.001924
-0.0017561
-0.0017828
-0.0063036
-0.015726
-0.029128
-0.036689
-0.037596
-0.028464
-0.012532
-0.0091446
-0.015175
-0.016872
-0.0066715
0.0039772
0.0094589
0.0031309
-0.017425
-0.029838
-0.03103
-0.030932
-0.03212
-0.02867
-0.022685
-0.0059413
0.015985
0.028068
0.022508
0.00096046
-0.012037
-0.010353
0.010258
0.026771
0.020992
0.019909
0.02677
0.028736
0.018889
-0.004061
-0.0067574
0.0099876
-7.3301e-05
-0.0028065
0.0087372
0.0023121
-0.0035631
0.0054439
0.024792
0.035693
0.013451
-0.012414
-0.018064
-0.01296
-0.010841
-0.015993
-0.0049665
0.012715
0.01963
0.009558
-0.0040199
-0.0013722
-0.0012506
-0.0041188
-0.018779
-0.029291
-0.0095498
0.0063432
0.0097176
0.0040391
-0.016221
-0.033968
-0.035932
-0.021392
-0.0096737
-0.0053444
0.007008
0.011882
0.0071092
0.012261
0.021588
0.014553
0.00139
0.0039133
0.014242
0.029379
0.035725
0.029071
0.020213
0.009817
0.0044082
0.013097
0.023992
0.022598
0.010577
0.001798
0.0087765
0.01237
0.0021356
-0.00080171
0.0082662
0.016133
0.018999
0.016662
0.014813
0.0059878
-0.003546
-0.0056054
-0.0078432
-0.0015295
0.008526
0.016401
0.012818
0.0071337
0.0035811
-0.0035357
-0.010918
-0.014407
-0.013365
-0.020711
-0.02225
-0.018372
-0.009235
0.0010277
0.003389
0.0099463
0.012865
0.010799
0.004302
-0.012569
-0.025677
-0.018509
-0.017337
-0.02738
-0.032406
-0.031766
-0.020448
-0.012851
-0.017357
-0.018062
-0.019172
-0.024642
-0.021488
-0.01927
-0.017934
-0.0075817
0.0095943
0.022287
0.018832
0.012035
0.015432
0.022178
0.023225
0.0067049
-0.014473
-0.020785
-0.018704
-0.013436
-0.014416
-0.027091
-0.040267
-0.043534
-0.03655
-0.023864
-0.0097374
0.0023396
0.016659
0.026441
0.029423
0.029769
0.033912
0.03405
0.039633
0.043217
0.029738
0.020387
0.021873
0.014846
0.0046433
-0.0036182
-0.01508
-0.016119
-0.018217
-0.028707
-0.029948
-0.033581
-0.04051
-0.039175
-0.034027
-0.023218
-0.015423
-0.018356
-0.011985
0.0021956
0.0086011
0.016392
0.010976
0.0002315
0.0023149
0.018162
0.024173
0.025183
0.030444
0.027291
0.029273
0.035912
0.038107
0.027602
0.02446
0.027553
0.024091
0.023554
0.013176
-0.00075825
-0.0029161
-1.7702e-05
0.0053364
0.015005
0.016703
0.01247
0.012331
0.0067593
-0.0044711
-0.012601
-0.011762
-0.0079326
-0.0079174
-0.0071365
-0.0076572
-0.015297
-0.01451
-0.0081605
-0.013841
-0.018684
-0.016824
-0.0091399
-0.006651
-0.015129
-0.023285
-0.019987
-0.013935
-0.020573
-0.029504
-0.026188
-0.019373
-0.015363
-0.011452
0.00058954
0.014022
0.019731
0.017878
0.0097
0.0027043
-0.0045156
-0.0054233
-0.0053014
-0.0056178
0.0025149
0.014035
0.020699
0.025552
0.024086
0.014683
0.00018813
-0.014848
-0.020241
-0.018396
-0.012333
-0.001503
0.0050122
0.0089262
0.013347
0.013732
0.013554
0.014515
0.016365
0.012967
0.0099483
0.011084
0.005716
-0.00029976
-0.0082849
-0.010479
-0.0038913
0.007097
0.025668
0.031051
0.024553
0.026947
0.025419
0.010947
0.00061359
-0.0022783
-0.0025374
0.0023623
0.0025548
0.0008893
0.0020016
0.003821
0.005184
0.003508
0.0068093
-0.0018623
-0.014876
-0.016388
-0.018361
-0.018753
-0.016531
-0.013239
-0.011541
-0.012629
-0.016937
-0.02053
-0.019862
-0.019058
-0.016254
-0.013877
-0.008987
0.00066922
0.0053757
0.0040892
0.0024486
-0.0011435
-0.0048232
-0.0023747
0.002963
0.0048867
0.0022916
-0.0014628
-0.0020201
-0.00047166
0.0032357
0.0041011
0.002461
0.0051845
0.0032473
0.0016857
0.0048725
0.010511
0.011969
0.014615
0.018234
0.018498
0.016103
0.0062738
-0.0011975
0.00023113
-0.0015522
-0.0053307
-0.0065299
-0.0073169
-0.0038127
-6.6362e-05
-0.003983
-0.01093
-0.011134
-0.0090129
-0.010651
-0.015686
-0.023565
-0.026125
-0.029196
-0.028831
-0.02418
-0.024033
-0.024856
-0.019757
-0.010089
-0.0032119
-0.0044228
-0.0068277
-0.0049867
-0.0055937
-0.0039588
0.00023424
0.0047055
0.0088023
0.01448
0.022679
0.027483
0.025569
0.013785
-0.00020233
-0.00041495
0.00025736
-0.0072935
-0.0054947
0.0059193
0.0061043
0.00053517
-0.0034012
0.0011829
0.0088544
0.0088399
0.010706
0.0092239
0.0038924
-0.0010746
-0.0030947
0.00019804
0.0025859
0.0051132
0.009285
0.01554
0.022308
0.021666
0.01688
0.012859
0.010623
0.0055051
0.0032164
0.0091679
0.017889
0.022268
0.019264
0.015784
0.013323
0.0082118
0.0022356
0.00056055
-0.005111
-0.016478
-0.02166
-0.018505
-0.021282
-0.02488
-0.021787
-0.018448
-0.014967
-0.01826
-0.018653
-0.0099475
-0.0031831
-0.0065319
-0.0087322
-0.0043559
-0.0032907
-0.0071159
-0.011783
-0.012567
-0.012342
-0.014495
-0.015366
-0.014178
-0.0078114
-0.0015029
-6.2215e-05
0.0016217
0.0057959
0.010215
0.012901
0.013973
0.013263
0.01851
0.022174
0.020661
0.01795
0.016672
0.015045
0.012592
0.0096196
0.0049663
0.0073659
0.0099212
0.0025221
-9.867e-05
-0.0001731
0.0023344
0.0042224
0.0005322
0.0030284
0.002451
0.0012645
0.0027898
0.00066066
-0.0024992
-0.0028626
-0.0014644
0.0016135
-0.0001787
0.00032738
0.0078123
0.0070747
0.003468
0.0063776
0.0087193
0.0085035
0.0078025
0.0050959
-0.0021317
-0.0039846
0.00028591
0.0022529
0.0053883
0.0065917
0.00084502
-0.0046537
-0.0060454
-0.0056455
-0.0052608
-0.0035864
-0.0010515
0.0019947
-0.00057504
-0.007897
-0.010119
-0.0094735
-0.0095317
-0.007985
-4.4504e-05
0.0043964
0.00090549
0.0011959
0.0051886
0.0079951
0.0074335
0.0064423
0.006109
0.0029091
-0.0033575
-0.0071921
-0.0091809
-0.007641
-0.0084141
-0.0089291
-0.0061436
-0.0077598
-0.0085107
-0.0080029
-0.0089133
-0.011801
-0.014217
-0.0089057
-0.00063332
0.005844
0.0096676
0.010595
0.011819
0.0099472
0.0036338
-0.00012203
-0.0004283
2.6512e-05
0.0014876
0.0018058
0.0028608
0.0048391
0.0071011
0.0074037
0.0063689
0.007383
0.0055647
0.0031925
0.0039528
-0.00073883
-0.0065114
-0.012027
-0.018126
-0.01484
-0.011163
-0.012323
-0.014426
-0.011556
-0.0070251
-0.0086892
-0.014971
-0.018278
-0.015849
-0.013991
-0.011486
-0.0052406
-0.00446
-0.0071377
-0.0081708
-0.006298
-0.0005218
0.002994
0.0037672
0.0042359
0.0096716
0.014327
0.013083
0.0118
0.01041
0.0076915
0.0054114
0.0035708
9.7094e-05
-0.0034547
-0.0015713
0.0058216
0.015825
0.020895
0.021161
0.023974
0.020538
0.011948
0.009103
0.010492
0.00733
0.0028524
0.001938
0.0030229
0.0064419
0.0053354
0.0030746
0.0058699
0.009493
0.008895
0.0027888
-0.006675
-0.012678
-0.01302
-0.014491
-0.013628
-0.009603
-0.0070009
-0.0049531
-0.0058401
-0.010306
-0.012805
-0.010037
-0.006714
-0.0050254
-0.0055896
-0.0043349
-0.0025639
-0.0034984
-0.0043516
-0.0031072
0.0025635
0.0052784
0.0012756
-0.0019908
0.0008201
0.0015901
-0.0022514
-0.0044803
-0.0021553
-0.00016438
-0.0022128
-0.0031295
-0.0042113
-0.0027766
0.00079415
0.00017519
-0.0020073
-0.00076161
0.0033859
0.0082962
0.0092949
0.0056945
0.0034006
0.0045438
0.0074033
0.0094335
0.010097
0.012936
0.013907
0.0086075
0.0024502
0.0040367
0.010165
0.01289
0.011608
0.0081784
0.005624
0.0025447
0.0014008
0.0013398
0.0033957
0.0073976
0.0064179
0.0033598
-0.0017168
-0.0074054
-0.01175
-0.014039
-0.01319
-0.01065
-0.0084347
-0.0071518
-0.0072979
-0.0059312
-0.0043849
-0.0022432
-0.0010857
-0.0014187
-0.00089573
-0.0011534
-0.0017886
-0.0053883
-0.0082852
-0.007302
-0.0062883
-0.00309
0.00049736
0.0010393
-0.00016671
-0.005149
-0.013928
-0.016628
-0.014219
-0.010809
-0.0086108
-0.0095476
-0.0094023
-0.0086111
-0.0071932
-0.0062951
-0.0043071
-0.00097537
0.0015559
0.0036592
0.0072462
0.01219
0.012918
0.01092
0.013106
0.015557
0.014869
0.016151
0.017041
0.018045
0.019912
0.015028
0.0070094
0.0024624
0.0015061
0.0026838
0.0041181
0.0016851
-0.00069128
0.0011795
0.0035275
0.0048221
0.0074272
0.0096801
0.0095754
0.0053436
-0.00021573
-0.0026994
-0.0051479
-0.0067464
-0.0063665
-0.0068479
-0.006016
-0.0070413
-0.0085951
-0.0082464
-0.0076151
-0.0075343
-0.0088729
-0.0082904
-0.0069167
-0.0018982
0.003802
0.0046167
0.0041631
0.0027007
0.0012409
-0.0013634
-0.0040138
-0.0019244
0.0034516
0.0077424
0.0087882
0.0065537
0.0033048
0.0025357
0.0017187
-0.0016136
-0.0057102
-0.010887
-0.013958
-0.011332
-0.010956
-0.015176
-0.016953
-0.015492
-0.014008
-0.010827
-0.0067948
-0.0035609
-0.00045742
-0.00088699
-0.004594
-0.0061121
-0.0055238
-0.0048738
-0.0040889
-0.0023497
0.00042148
-4.7582e-05
-0.0040398
-0.0053715
-0.0012887
0.0030873
0.0044812
0.0041062
0.0041766
0.0060105
0.0078857
0.0097454
0.011095
0.011075
0.010904
0.0096288
0.0097162
0.012574
0.013582
0.012475
0.011266
0.0078941
0.0044326
0.0026216
0.0018089
0.0024109
0.0022666
0.0029815
0.0067064
0.0071268
0.0057745
0.0051579
0.0049828
0.0037515
-0.00095829
-0.0050601
-0.0053379
-0.0026503
-3.0057e-05
0.0015219
0.0032394
0.0032942
0.00015926
-0.0022084
-0.0014616
0.00015347
0.00046845
-0.0017631
-0.0038003
-0.0047269
-0.004587
-0.0042947
-0.0036942
-0.0048631
-0.0088764
-0.010899
-0.0092274
-0.0075579
-0.0078746
-0.0095222
-0.010859
-0.010256
-0.0090877
-0.0083961
-0.0065896
-0.0050092
-0.005185
-0.0079553
-0.010265
-0.0087074
-0.0054097
-0.0030484
0.00023931
0.0047526
0.0078247
0.0078455
0.0079832
0.010487
0.011048
0.0079944
0.0041142
0.002493
0.0029373
0.0065886
0.007711
0.0045914
0.0017702
-0.0014839
-0.0048077
-0.0092989
-0.012396
-0.012469
-0.012951
-0.014867
-0.017105
-0.017784
-0.014403
-0.0078864
-0.0025601
0.00029693
0.0029999
0.006109
0.0082469
0.010421
0.014141
0.016429
0.014895
0.012115
0.010363
0.009327
0.010185
0.010409
0.0089513
0.0068787
0.003878
0.0032551
0.0019718
-0.0018232
-0.0038489
-0.0026298
-0.00159
-0.0014244
-0.00048461
-0.00055308
-0.00095556
-0.00014033
-0.0010309
-0.0022498
-0.0039876
-0.0049736
-0.0045394
-0.0052428
-0.0053361
-0.003353
-0.00050323
0.0015753
0.003365
0.0045424
0.0051158
0.0055015
0.0077812
0.0092828
0.0075313
0.0063288
0.0063248
0.0064472
0.005601
0.0033937
0.0014025
0.0027291
0.0064909
0.0082291
0.0070976
0.0057721
0.0032864
0.0021998
0.00061469
-0.0018844
-0.0031836
-0.0048475
-0.0047214
-0.0027277
0.00010946
0.0020342
0.0028845
0.0030531
0.0022245
0.0015546
0.0024401
0.0030454
0.0036902
0.0048139
0.0061784
0.0072186
0.0063081
0.0042527
0.0020079
-0.00055499
-0.002765
-0.0050907
-0.0071541
-0.0079208
-0.007085
-0.0046358
-0.0032459
-0.0044452
-0.0062738
-0.0070232
-0.0058943
-0.0026667
-0.0007968
-0.001013
-0.00097184
-0.00032676
6.0815e-05
-0.00091835
-0.0017262
-0.002691
-0.0056074
-0.0089511
-0.010176
-0.0087104
-0.0045804
0.00011863
0.0029268
0.0041073
0.0036059
0.0026463
0.00025584
-0.0024472
-0.0029713
-0.0042414
-0.0047116
-0.0041735
-0.0032109
-0.0016125
-0.0001357
0.00086954
0.00059092
0.00031441
-0.0013415
-0.0030816
-0.005079
-0.007229
-0.0064698
-0.0039183
-0.0035745
-0.004462
-0.0032167
4.414e-05
0.0025166
0.0027249
0.0014027
-0.00055474
-0.0011692
-0.0019528
-0.0033066
-0.0042104
-0.0047884
-0.0043361
-0.0037099
-0.0036061
-0.0036551
-0.0047362
-0.0077401
-0.0095361
-0.0094383
-0.008983
-0.0081806
-0.0072483
-0.0060907
-0.0032083
-0.00054761
0.0009188
0.0037875
0.006013
0.0068047
0.0071073
0.0053516
0.001698
-0.002111
-0.0032337
-0.0013074
-0.00015851
0.0015028
0.0037929
0.0049122
0.0067412
0.009986
0.011108
0.010541
0.010911
0.0097769
0.0093345
0.0098438
0.010444
0.013238
0.015447
0.01394
0.0093472
0.0050999
0.0030687
0.0016387
0.00019396
-0.00064607
-0.00088481
0.00020602
0.0023447
0.0029662
0.00063397
-0.0023907
-0.0049771
-0.0063402
-0.0052216
-0.0042309
-0.0037165
-0.002266
-0.0014448
-0.00016152
-3.9533e-05
-0.0012761
0.00078679
0.0035808
0.0033303
0.0021573
0.0016447
0.002062
0.0036928
0.0054258
0.0058371
0.0057441
0.0045499
0.0021361
0.00085941
-0.00099156
-0.0025066
-0.0026926
-0.0027742
-0.0017426
-0.0015989
-0.0031667
-0.0048715
-0.006098
-0.0061134
-0.0056161
-0.0048912
-0.004352
-0.0033283
-0.0019289
-0.0015664
-0.0017639
-0.0029457
-0.0048737
-0.0063673
-0.0059593
-0.0042252
-0.00265
-0.0014875
-0.00040768
0.00091953
0.001151
0.00094548
0.00090211
0.00071449
0.00022782
-0.0005406
-0.00030022
0.00053069
0.0013562
0.0018491
0.001854
0.0022971
0.0030872
0.0029748
0.0015718
-0.00046055
-0.0013665
-0.0013776
-0.0020972
-0.0035442
-0.0035593
-0.0017303
0.00028412
0.00024421
-0.00098764
-0.0018849
-0.0024065
-0.0024193
-0.0026282
-0.0028919
-0.0029262
-0.0031841
-0.0028558
-0.0018133
-0.0011648
2.6518e-05
0.0017998
0.0031229
0.0041182
0.0039599
0.0037299
0.0030169
0.0016993
0.0015472
0.0016304
0.0011958
0.00086327
0.0008345
0.0013152
0.0012791
0.00084582
0.0010304
0.00051534
-0.00067003
-0.00083134
-0.00023716
0.00063147
0.0019125
0.0029288
0.0035846
0.0039889
0.0038265
0.003215
0.0025007
0.0020446
0.0014189
-0.00016269
-0.0014165
-0.0018146
-0.00164
-0.0014309
-0.0015664
-0.001323
-0.0014817
-0.00127
-0.000473
-0.0001457
-0.00012588
7.1895e-05
4.3231e-05
-0.00074731
-0.0014153
-0.0012291
-0.0010444
-0.0010709
-0.00089424
-0.0016082
-0.0024375
-0.0023432
-0.0020048
-0.0016007
-0.0015937
-0.0020578
-0.002382
-0.0021348
-0.0021199
-0.0024457
-0.0022589
-0.0016202
-0.00091233
-0.00053251
-0.00019925
3.4611e-05
0.00020794
0.00068147
0.0011855
0.0015824
0.0018922
0.0021567
0.0024218
0.0026847
0.0023942
0.0018069
0.0014121
0.0010835
0.00073709
0.00029474
-0.00010527
-0.00019252
-0.00020928
-0.00029197
-0.00027775
-0.00038098
-0.00062749
-0.0007725
-0.00076825
-0.00075562
-0.00067793
-0.00065355
-0.00071176
-0.00077363
-0.00082986
-0.00077834
-0.0005697
-0.00033097
-0.00012095
0.00013601
0.00039213
0.00058404
0.00077983
0.00095042
0.0010352
0.0010384
0.00095315
0.0008633
0.00083575
0.00079535
0.00072876
0.00062575
0.00052276
0.00041
0.00028693
0.00021002
0.00018793
0.00018715
0.00016997
0.00015944
0.00015891
0.00015956
0.00017529
0.00020793
0.00020699
0.0001759
0.00015811
0.00013955
0.00011124
8.8002e-05
7.6582e-05
6.9486e-05
7.2022e-05
7.9882e-05
8.4072e-05
8.5159e-05
8.1454e-05
6.8455e-05
5.401e-05
4.8716e-05
4.6348e-05
4.0109e-05
3.2994e-05
2.9561e-05
2.6463e-05
2.2664e-05
1.9761e-05
1.5304e-05
1.0218e-05
5.6951e-06
1.3404e-06
-2.5875e-06
-6.2977e-06
-1.0349e-05
-1.4128e-05
-1.7458e-05
-2.0522e-05
-2.3336e-05
-2.5969e-05
-2.8562e-05
-3.1028e-05
-3.3333e-05
-3.5516e-05
-3.7571e-05
-3.951e-05
-4.133e-05
0
0
0
0
0
0
0
0
0
0
0
0
0
0
0
0
0
0
0
0
0
0
0
0
0
0
0
0
0
0
0
0
0
0
0
0
0
0
0
0
0
0
0
0
0
0
0
0
0
0
0
0
0
0
0
0
0
0
0
0
0
0
0
0
0
0
0
0
0
0
0
0
0
0
0
0
0
0
0
0
0
0
0
0
0
0
0
0
0
0
0
0
0
0
0
0
0
0
0
0
0
0
0
0
0
0
0
0
0
0
0
0
0
0
0
0
0
0
0
0
0
0
0
0
0
0
0
0
0
0
0
0
0
0
0
0
0
0
0
0
0
0
0
0
0
0
0
0
0
0
0
0
0
0
0
0
0
0
0
0
0
0
0
0
0
0
0
0
0
0
0
0
0
0
0
0
0
0
0
0
0
0
0
0
0
0
0
0
0
0
0
0
0
0
0
0
0
0
0
0
0
0
0
0
0
0
0
0
0
0
0
0
0
0
0
0
0
0
0
0
0
0
0
0
0
0
0
0
0
0
0
0
0
0
0
0
0
0
0
0
0
0
0
0
0
0
0
0
0
0
0
0
0
0
0
0
0
0
0
0
0
0
0
0
0
0
0
0
0
0
0
0
0
0
0
0
0
0
0
0
0
0
0
0
0
0
0
0
0
0
0
0
0
0
0
0
0
0
0
0
0
0
0
0
0
0
0
0
0
0
0
0
0
0
0
0
0
0
0
0
0
0
0
0
0
0
0
0
0
0
0
0
0
0
0
0
0
0
0
0
0
0
0
0
0
0
0
0
0
0
0
0
0
0
0
0
0
0
0
0
0
0
0
0
0
0
0
0
0
0
0
0
0
0
0
0
0
0
0
0
0
0
0
0
0
0
0
0
0
0
0
0
0
0
0
0
0
0
0
0
0
0
0
0
0
0
0
0
0
0
0
0
0
0
0
0
0
0
0
0
0
0
0
0
0
0
0
0
0
0
0
0
0
0
0
0
0
0
0
0
0
0
0
0
0
0
0
0
0
0
0
0
0
0
0
0
0
0
0
0
0
0
0
0
0
0
0
0
0
0
0
0
0
0
0
0
0
0
0
0
0
0
0
0
0
0
0
0
0
0
0
0
0
0
0
0
0
0
0
0
