2.9398e-11
-5.5291e-07
1.0912e-05
0.0011291
0.002689
0.0013676
0.002592
0.0024072
0.00060944
0.0041063
0.00028025
-0.0043363
-0.00054665
0.00062523
-0.0021458
-0.0020332
-0.0016207
0.00070165
-0.00016436
-0.0019992
-0.0025331
-0.0034507
-0.0044153
-0.0029861
-0.000372
0.0023214
-0.0020563
-0.0022791
0.0047578
0.00058597
-0.0010213
0.0024154
-0.0033275
-0.005867
0.0026917
0.003347
-0.0059401
-0.0042797
0.0032335
-0.00146
-0.0021721
-0.00026432
-0.0091422
-0.0063434
0.0059146
0.0013393
-0.0099164
-0.0047933
0.0043856
0.00048296
0.00092396
0.0019717
-0.001835
-0.00038395
-0.0021919
0.001863
0.0074301
0.0042911
-0.006435
-0.0053917
0.0073506
-0.00084053
-0.0042218
0.0054237
0.0017529
-0.0040508
-0.0018316
0.00017971
0.0008976
0.0019041
0.0029482
0.00048491
-0.0026263
-0.0019759
-0.003292
-0.0031107
0.00053574
0.0025886
0.0061675
-0.00091036
-0.0021669
0.0045873
0.0008195
-0.0037151
-0.00068542
5.6706e-05
0.0014511
0.0068541
0.0015977
-0.00078204
0.0024232
0.0021037
0.0034566
0.003982
0.0024085
0.0036293
0.003909
0.00029469
0.0038032
0.0014436
-0.0029232
-0.0008145
0.0026527
-0.0010557
-0.0055383
-0.0042978
0.00079053
0.0030763
0.0010625
0.0077242
0.011279
-0.0016507
-0.0025699
0.0052351
0.001553
0.0026121
0.0068026
0.0013258
-6.3702e-05
0.0011786
-0.0014672
-0.0019894
-0.002019
0.00075488
-0.0034682
0.0015173
0.0017474
-0.014374
-0.0045569
0.0066701
-0.0078769
-0.013256
-0.0031957
0.0063817
0.0088796
0.00092222
-0.0014279
0.0069492
0.002327
-0.0054299
0.0092769
0.010296
-0.0067631
-0.0021243
0.0072986
0.0006472
-0.0089381
-0.0025917
0.004296
-0.0010077
-0.0038036
0.0011575
0.0033184
-0.0081235
-0.011421
0.0017854
0.0016659
-0.0074735
-0.002211
-0.002169
0.004224
0.016758
-0.0018395
-0.0037829
0.017393
0.013416
-0.0067023
-0.0040009
-0.0020524
-0.0077209
-0.0059748
-0.010433
0.0095179
0.012922
-0.018177
-0.0076683
0.0041162
-0.011171
0.0017833
0.0066361
-0.0012422
0.009228
-0.00034581
-0.0013637
0.0061902
-0.021157
-0.011103
0.019605
0.0025816
-0.010448
0.0077473
0.016279
-0.0032906
0.0044546
0.0092181
-0.018809
-0.0053697
0.013163
-0.0070043
-0.0073177
-0.0017068
0.0052084
0.017893
0.012877
0.0039901
-0.0034471
-0.0043617
0.0060116
-0.0097284
-0.0061311
0.011263
-0.0014848
0.0024632
-0.015328
-0.025756
0.0221
0.0094728
-0.02368
-0.0007603
-0.0034668
-0.0067045
0.010413
-3.9919e-06
0.010166
0.0075041
-0.020766
0.003539
0.017241
0.014985
0.024355
0.0011999
-0.019548
-0.013821
-0.0052253
0.007197
0.0048485
-0.012272
-0.017756
-0.01331
-0.0068794
-0.0013708
0.013049
0.015587
-0.0046416
-0.00052685
0.0014548
-0.0043145
0.019606
0.018873
-0.0049515
0.0043188
-0.0014769
-0.025706
-0.0017335
0.0068618
-0.010861
0.0003308
-0.0037933
-0.014438
-0.0031851
-0.0091832
-0.012056
-0.0015231
0.0017673
7.7876e-05
-0.0068836
-0.0046363
0.0041521
-0.00071214
-0.012953
-0.011063
-0.010518
-0.0084593
0.0018198
0.01684
0.0092375
-0.00028787
0.0079952
3.1202e-05
0.010039
3.9249e-05
-0.0079811
0.0084312
0.0043962
-0.0025385
-0.0065121
-0.015355
-0.010615
-0.0051754
-0.010722
-0.01265
-0.0091939
-0.010932
-0.0070017
0.003291
0.0083024
0.012635
0.022944
0.021004
0.00040708
-0.0078179
-0.004264
-0.0002441
-0.00039882
0.0032658
-0.0016939
-0.014685
-0.020069
-0.017744
-0.013662
-0.010359
-0.014392
-0.014505
-0.0081163
0.0028858
0.014176
0.01585
0.0025283
-0.008504
-0.010457
-0.0022145
-0.0020018
0.011032
0.024697
0.025226
0.016363
0.00061055
-0.0014314
0.013695
0.010843
0.0017375
-0.0054835
-0.010742
-0.0039169
0.0093394
0.010952
-0.0089607
-0.025618
-0.014398
-0.0012758
0.0014448
0.0016335
-0.0019134
-0.0044566
0.0063527
0.019114
0.022213
0.0094001
-0.010214
-0.017277
-0.0016991
0.016355
0.0090285
-0.017851
-0.016467
-0.0030873
0.0021104
-0.0047448
-0.0082987
-0.0046225
0.0062629
0.01202
0.0056658
0.0014976
0.0095532
0.020099
0.029899
0.039268
0.031889
0.0058405
0.0031132
0.016834
0.011408
0.010396
0.013018
0.013454
0.0043149
0.0028552
0.010217
0.014532
0.010982
0.0028366
0.0035903
-0.0048134
-0.0053888
0.011138
0.021566
0.022712
0.012929
0.0035145
0.011252
0.0032263
-0.016878
-0.026836
-0.02532
-0.01115
-0.021895
-0.036278
-0.015293
-0.018189
-0.032683
-0.011319
0.0058125
-0.00031498
-0.018404
-0.039695
-0.014499
0.032179
0.005986
-0.036966
-0.025985
0.010725
0.0045139
-0.016268
-0.0067193
-0.0074014
-0.021483
-0.034511
-0.02546
-0.0037066
-0.0042568
-0.01731
-0.029844
-0.02664
-0.00054639
0.01194
0.010974
0.0099107
0.0080918
-0.0061241
-0.016549
-0.0028112
0.012768
0.019193
0.029995
0.019084
0.0069878
0.0099959
0.0071742
0.01874
0.032025
0.018472
-0.010162
-0.012412
0.026999
0.02952
-0.0081592
-0.02297
-0.016423
-0.00031832
0.015707
0.0086619
0.0062373
0.025269
0.045104
0.042352
0.033497
0.050056
0.048254
0.019593
0.0081094
-0.00056235
-0.0020043
-0.0066152
-0.031015
-0.021944
0.024614
0.051626
0.026621
-0.014526
-0.0342
-0.036995
-0.03996
-0.04846
-0.066014
-0.05445
-0.015087
-0.019736
-0.052611
-0.081666
-0.096934
-0.041115
0.052833
0.047129
-0.025311
-0.05613
-0.01502
0.035421
0.064919
0.048291
-0.0087438
-0.053603
-0.079535
-0.081754
-0.035512
0.0057714
0.025219
0.011186
0.014924
0.056059
0.043708
-0.0033628
-0.01328
-0.018131
-0.029829
-0.0060616
0.024838
0.052093
0.073155
0.056064
0.031705
0.035376
0.034714
0.056161
0.069377
0.036564
-0.010408
-0.027078
-0.022208
-0.0072954
-0.015112
-0.032908
0.011482
0.072961
0.08832
0.092619
0.094056
0.078699
0.073919
0.035922
-0.018287
-0.014123
0.018167
-0.0046565
-0.012562
0.015466
0.017763
-0.015354
-0.053224
-0.039318
0.0040298
-0.0072043
-0.049767
-0.058064
-0.046566
-0.029898
-0.017572
-0.0055998
-0.011576
-0.035373
-0.016988
0.031772
0.058897
0.043731
0.015625
0.0066438
-0.0031898
0.016718
-0.0013339
-0.031308
-0.042926
-0.025726
0.0088127
-0.025723
-0.014005
0.036617
0.026448
-0.016926
0.0029731
0.033019
0.03883
0.016426
-0.017246
-0.038899
-0.034252
-0.033841
-0.034897
-0.0075919
-0.011523
-0.041917
-0.043786
-0.071156
-0.069187
-0.010998
0.014879
0.0077438
-0.022542
-0.03476
-0.0054393
0.011582
0.020295
0.023442
0.037621
0.034004
0.029243
0.042341
0.053806
0.06456
0.054319
0.0083532
-0.037338
-0.025856
0.012235
0.025034
0.024799
0.030679
0.0238
-0.022394
-0.044196
-0.045727
-0.050073
-0.019114
-0.0072503
-0.026592
-0.022465
0.017394
0.057763
0.061617
0.061539
0.027415
-0.018411
-0.027962
-0.025502
-0.031138
-0.034774
-0.039419
-0.043215
-0.011079
0.0020966
-0.011799
-0.03028
-0.031815
0.0055572
0.035704
0.02404
-0.013655
-0.058816
-0.04958
-0.0032142
0.046637
0.044757
0.036425
0.058679
0.056231
0.051264
0.054716
0.062019
0.061436
0.052143
0.023964
0.013951
0.033475
0.014111
-0.023119
-0.026367
-0.0034281
0.024353
0.030269
0.017826
0.021766
0.033623
0.012837
-0.006847
-0.011693
-0.0031198
0.001661
-0.021352
-0.029993
-0.027493
-0.025654
-0.031695
-0.048234
-0.043605
-0.026279
-0.0072948
0.0036799
-0.011258
-0.024297
-0.023255
-0.0021598
0.029342
0.031578
0.02125
0.0073993
-0.0051965
-0.022185
-0.033305
-0.013003
-0.0015669
-0.012462
-0.023497
-0.011774
-0.0042421
-0.0028228
-0.0051913
-0.010266
-0.0025521
-0.0044105
-0.0043955
-0.0023247
-0.014092
-0.035916
-0.063437
-0.068207
-0.049954
-0.01749
-0.0045079
-0.0076796
0.010557
0.023075
0.026928
0.020119
0.0086216
0.010504
0.00046159
-0.01773
-0.026303
-0.028654
-0.033829
-0.040606
-0.037188
-0.040147
-0.026532
0.0041755
0.007405
0.015857
0.040642
0.043285
0.017725
-0.016074
-0.040273
-0.041418
-0.030954
-0.02556
-0.020294
-0.024645
-0.031058
-0.01315
0.014742
0.039534
0.063607
0.07264
0.058873
0.037897
0.010165
-0.018399
-0.037113
-0.047411
-0.049542
-0.042694
-0.031055
-0.016179
-0.0071017
-0.00064912
0.012922
0.017222
0.013046
0.013365
0.017444
0.023247
0.011304
-0.019338
-0.048263
-0.075282
-0.10091
-0.11344
-0.11167
-0.097552
-0.074127
-0.058922
-0.044222
-0.01784
0.010147
0.023298
0.027894
0.04367
0.061905
0.067974
0.060919
0.050346
0.042139
0.030592
0.018189
0.0029593
-0.011514
-0.012072
-0.0066936
-0.0079497
-0.0061065
0.0059585
0.010644
0.0097471
0.008042
0.0022097
0.002682
0.013456
0.025933
0.025885
0.0099093
-0.011635
-0.033081
-0.044179
-0.039534
-0.031536
-0.027997
-0.028426
-0.031417
-0.037678
-0.044828
-0.041146
-0.031009
-0.021423
-0.015619
-0.010845
-0.011445
-0.014956
-0.013815
-0.017465
-0.026023
-0.024307
-0.0098132
0.011548
0.031741
0.037107
0.028266
0.019363
0.01942
0.022653
0.033357
0.045876
0.052746
0.058512
0.059883
0.062693
0.0671
0.068074
0.065834
0.058799
0.045961
0.038919
0.046269
0.054557
0.054075
0.044115
0.026762
0.014901
0.0062585
-0.0018467
-0.0021826
0.0027431
0.0098591
0.011712
0.0036041
-0.0032579
-0.0028211
0.0033516
0.0079829
0.00732
0.0067928
0.010012
0.015384
0.016424
0.016345
0.021073
0.023057
0.012047
-0.0042531
-0.022438
-0.03897
-0.052054
-0.060696
-0.055857
-0.04644
-0.040366
-0.035438
-0.028706
-0.023602
-0.020791
-0.024985
-0.03574
-0.041624
-0.043322
-0.044833
-0.040357
-0.033615
-0.027644
-0.022685
-0.022856
-0.024765
-0.02219
-0.014826
-0.0053553
-0.0010142
0.0020286
0.0081122
0.01452
0.021871
0.026924
0.025831
0.021278
0.016911
0.014786
0.010004
0.0032892
0.0016887
0.0044351
0.0085695
0.010449
0.011997
0.016612
0.020574
0.025773
0.03117
0.033267
0.029943
0.018455
0.0068135
0.0052045
0.0098578
0.016068
0.025235
0.031339
0.029537
0.026823
0.028055
0.031431
0.03339
0.041448
0.052217
0.055851
0.05285
0.046133
0.047836
0.052341
0.054158
0.05958
0.063705
0.064319
0.064828
0.065701
0.065955
0.066728
0.064825
0.055845
0.049446
0.050414
0.049089
0.048777
0.048267
0.04676
0.047801
0.050921
0.053811
0.055663
0.057092
0.055083
0.049153
0.043724
0.039979
0.036915
0.032244
0.023612
0.011704
-0.0012645
-0.011393
-0.016568
-0.023305
-0.033651
-0.043974
-0.05565
-0.067757
-0.076648
-0.083196
-0.085794
-0.081119
-0.073618
-0.066689
-0.060213
-0.058651
-0.062643
-0.066325
-0.066263
-0.062289
-0.054997
-0.04836
-0.045711
-0.046531
-0.05043
-0.055792
-0.061664
-0.068364
-0.07425
-0.078601
-0.081775
-0.080082
-0.074653
-0.067748
-0.059113
-0.051435
-0.042479
-0.030839
-0.018235
-0.0068971
0.0010061
0.0046658
0.0048287
0.0011202
-0.0048678
-0.0074512
-0.004314
0.0036049
0.013379
0.021618
0.028554
0.035239
0.040347
0.043778
0.045246
0.043667
0.041288
0.03992
0.038285
0.039024
0.042955
0.048813
0.053048
0.055146
0.056373
0.053782
0.046508
0.038731
0.031697
0.02287
0.011359
-0.003072
-0.017834
-0.031797
-0.043607
-0.054068
-0.06021
-0.060828
-0.063071
-0.065444
-0.064465
-0.062926
-0.065462
-0.067869
-0.067881
-0.070644
-0.076367
-0.08149
-0.084153
-0.084615
-0.082486
-0.080886
-0.081193
-0.079148
-0.073659
-0.066557
-0.060466
-0.056875
-0.054096
-0.050327
-0.045474
-0.040676
-0.035387
-0.031869
-0.031979
-0.034172
-0.036852
-0.037549
-0.036247
-0.033895
-0.02845
-0.022467
-0.016551
-0.0093866
-0.0025762
0.0040063
0.010026
0.014064
0.016424
0.020106
0.026599
0.034708
0.043876
0.052365
0.059214
0.062368
0.061559
0.058841
0.053541
0.047781
0.043347
0.040144
0.038921
0.038123
0.037662
0.037878
0.037617
0.037529
0.037446
0.037448
0.037331
0.038365
0.040542
0.042432
0.043396
0.042708
0.04045
0.038356
0.035916
0.032852
0.033031
0.034052
0.034061
0.031802
0.025188
0.01728
0.0093412
0.0025628
-0.0010043
-0.0029123
-0.0051966
-0.0068011
-0.0076801
-0.0070607
-0.0033358
0.0030496
0.012148
0.016833
0.018001
0.018255
0.017112
0.018053
0.017479
0.01332
0.01227
0.013462
0.014342
0.015899
0.017045
0.017677
0.020047
0.023477
0.026467
0.029189
0.030145
0.028527
0.02448
0.019992
0.017619
0.017351
0.017932
0.020166
0.022285
0.02416
0.02623
0.027823
0.029156
0.029345
0.025273
0.019533
0.015786
0.013458
0.012282
0.01081
0.0098155
0.0096137
0.0086937
0.0096278
0.013366
0.015408
0.014525
0.011374
0.0079745
0.008437
0.0085318
0.0052208
0.0014931
-0.00094035
0.00041576
0.0045827
0.006517
0.0044777
0.00021648
-0.0026683
-0.0046569
-0.0070987
-0.0086678
-0.0095488
-0.0079915
-0.0050436
-0.0035773
-0.0049039
-0.007794
-0.0068363
-0.0021871
0.0024396
0.006291
0.0064459
0.0050293
0.0068941
0.0088255
0.0086329
0.0073314
0.0068805
0.0075578
0.0078644
0.0075029
0.007029
0.0050068
0.0012971
-0.00070366
-0.0022948
-0.0034034
-0.0051132
-0.0098133
-0.013739
-0.014415
-0.013357
-0.012204
-0.014132
-0.01721
-0.019095
-0.022142
-0.026103
-0.029134
-0.031922
-0.035587
-0.038843
-0.038798
-0.038469
-0.039517
-0.041746
-0.044362
-0.043663
-0.041254
-0.039694
-0.038697
-0.038824
-0.040567
-0.043007
-0.043283
-0.041472
-0.040135
-0.039659
-0.038923
-0.037546
-0.035297
-0.03354
-0.03272
-0.034437
-0.038544
-0.0429
-0.045296
-0.044089
-0.042026
-0.040583
-0.037779
-0.033704
-0.029544
-0.025448
-0.021769
-0.017716
-0.014541
-0.013753
-0.014504
-0.017399
-0.020813
-0.023256
-0.024283
-0.021821
-0.017865
-0.012388
-0.0052919
0.0018931
0.0083295
0.013126
0.017056
0.022282
0.028421
0.035185
0.042776
0.050105
0.057714
0.063765
0.067104
0.067304
0.065846
0.063712
0.060464
0.057178
0.054019
0.050732
0.048958
0.048642
0.04832
0.04868
0.049563
0.048804
0.044478
0.037337
0.030622
0.026157
0.022135
0.018289
0.014344
0.0090591
0.0042821
0.0015881
0.0007904
0.00070219
-0.00070001
-0.0027914
-0.0046249
-0.0073995
-0.010014
-0.011335
-0.012383
-0.010829
-0.0070148
-0.0048534
-0.0036245
-0.0016817
-0.00078738
-0.001136
-0.001717
-0.0020593
-0.0029383
-0.005374
-0.0091087
-0.013043
-0.016887
-0.021248
-0.025074
-0.028274
-0.030229
-0.030513
-0.029731
-0.027836
-0.026002
-0.025175
-0.024963
-0.023719
-0.021171
-0.018213
-0.014181
-0.0083162
-0.003156
-0.00017216
0.0020604
0.0046469
0.0075547
0.010257
0.011689
0.013087
0.015739
0.018713
0.020752
0.021533
0.022885
0.023954
0.025201
0.026475
0.027482
0.027744
0.026735
0.025162
0.023889
0.023645
0.023985
0.025404
0.027629
0.029252
0.029559
0.028184
0.025181
0.022086
0.020346
0.0181
0.014436
0.0091294
0.0017957
-0.0048438
-0.0090739
-0.012424
-0.014823
-0.014133
-0.011906
-0.0098005
-0.0068547
-0.0051973
-0.0056418
-0.0056906
-0.0056162
-0.0079186
-0.011475
-0.015022
-0.017584
-0.019819
-0.022672
-0.024679
-0.02492
-0.025358
-0.025322
-0.022373
-0.018382
-0.0153
-0.01516
-0.017046
-0.017019
-0.014886
-0.013949
-0.014762
-0.015431
-0.015631
-0.015061
-0.014674
-0.015202
-0.015862
-0.016924
-0.01869
-0.021376
-0.023692
-0.023504
-0.022711
-0.022878
-0.022477
-0.020065
-0.016495
-0.013655
-0.012323
-0.011104
-0.0082612
-0.0044262
-0.00057977
0.0031616
0.0069869
0.0096135
0.011501
0.012973
0.012504
0.012054
0.012979
0.014366
0.014931
0.015585
0.016219
0.01632
0.016826
0.016876
0.016277
0.016438
0.017614
0.019248
0.020695
0.021419
0.021534
0.021681
0.022434
0.024019
0.02655
0.029822
0.032642
0.03301
0.031941
0.031426
0.030954
0.030268
0.028917
0.02584
0.021729
0.016204
0.010042
0.0036973
-0.0015666
-0.0052365
-0.0071849
-0.0086982
-0.010643
-0.012034
-0.01344
-0.014287
-0.016379
-0.017135
-0.016076
-0.015066
-0.014056
-0.013433
-0.013032
-0.011515
-0.010696
-0.010147
-0.0085979
-0.0076174
-0.0070764
-0.0060348
-0.0055545
-0.0061247
-0.0069201
-0.007517
-0.0076391
-0.0084263
-0.0096167
-0.010264
-0.010693
-0.011856
-0.01372
-0.015182
-0.015043
-0.014514
-0.014278
-0.014287
-0.014579
-0.014246
-0.012479
-0.010828
-0.009651
-0.0084614
-0.0085663
-0.0090972
-0.0091884
-0.0081393
-0.0058854
-0.0045127
-0.0038953
-0.0021462
-6.3553e-05
0.0024296
0.0042676
0.0059664
0.0089397
0.011902
0.013924
0.014841
0.014257
0.013797
0.013303
0.013261
0.014448
0.015565
0.0156
0.015529
0.015714
0.01629
0.016595
0.015705
0.014211
0.012208
0.01025
0.0082847
0.0072786
0.0068504
0.0052101
0.0036585
0.0033672
0.0046577
0.0054942
0.0048679
0.0047633
0.0055373
0.005243
0.0047235
0.0050519
0.0055088
0.0059719
0.0071149
0.0089686
0.010453
0.01076
0.0099128
0.007755
0.0058897
0.0054454
0.0047996
0.00437
0.0037841
0.0018127
-0.00063326
-0.003963
-0.0065424
-0.0098997
-0.013306
-0.016603
-0.020367
-0.023204
-0.026571
-0.030274
-0.033015
-0.033411
-0.032247
-0.032456
-0.03294
-0.031668
-0.030372
-0.029746
-0.028792
-0.028638
-0.029411
-0.028635
-0.026456
-0.024643
-0.023038
-0.022127
-0.021421
-0.019715
-0.017789
-0.015023
-0.011096
-0.0093096
-0.0093426
-0.0090895
-0.0087635
-0.0087531
-0.0088496
-0.0087583
-0.0085533
-0.0085663
-0.0082894
-0.0079594
-0.006331
-0.0036259
-0.0011746
0.0025209
0.0067894
0.010909
0.015331
0.020156
0.024504
0.02707
0.028242
0.027966
0.026974
0.026447
0.026101
0.026107
0.027054
0.026768
0.025621
0.024655
0.024112
0.024866
0.02701
0.028941
0.029028
0.027907
0.026494
0.023845
0.02065
0.018015
0.016197
0.016468
0.017448
0.018412
0.019394
0.019539
0.018701
0.016608
0.013559
0.010561
0.0075627
0.0046133
0.0025507
0.0014849
0.00045375
-0.0013423
-0.0047684
-0.0087177
-0.012632
-0.01574
-0.017422
-0.01752
-0.016881
-0.016745
-0.016906
-0.016724
-0.016141
-0.015416
-0.014563
-0.014289
-0.014742
-0.015269
-0.016571
-0.017945
-0.018341
-0.017717
-0.015446
-0.012387
-0.0098988
-0.0079744
-0.0052934
-0.0029328
-0.0018571
-0.0024252
-0.0027676
-0.0023277
-0.0015604
0.00042321
0.0022554
0.0033029
0.0031978
0.0023655
0.0014824
0.0012755
0.0023127
0.0036311
0.003296
0.0025676
0.0025118
0.0013368
7.4326e-06
-0.00041036
-0.00074244
-0.00039898
1.2982e-05
-0.0002237
-0.00029191
-4.4826e-05
-0.00076436
-0.0018135
-0.0020671
-0.0016795
-0.0017283
-0.0020901
-0.0017956
-0.0014354
-0.0016744
-0.001717
-0.0017856
-0.0025921
-0.0034975
-0.0032231
-0.0029473
-0.0031029
-0.0026258
-0.0025766
-0.0023894
-0.0024293
-0.0032402
-0.0024215
-9.1744e-05
0.0010654
0.0019995
0.0019769
0.00036328
-0.0015385
-0.0035845
-0.0053561
-0.0065567
-0.0061758
-0.004967
-0.004535
-0.0036869
-0.0020905
-2.1184e-05
0.0017702
0.0032477
0.0049204
0.0058262
0.0056196
0.0054052
0.0061598
0.0063945
0.0063264
0.0062641
0.0057543
0.0052461
0.0048364
0.0044053
0.0041018
0.0032868
0.0023906
0.0018711
0.0013138
0.00084785
0.0010909
0.0011632
0.00063011
0.00068359
0.00049594
0.00080819
0.0012542
0.0010273
0.00059494
2.1161e-06
-0.00076646
-0.0019863
-0.0024057
-0.00045227
0.0017735
0.0031931
0.0035949
0.0022265
0.0010128
8.6729e-05
-0.00037095
0.00050031
0.0014766
0.0017705
0.0016352
0.0012252
0.0001159
-0.0011628
-0.0033342
-0.0049428
-0.004891
-0.0044377
-0.0028926
-0.0011336
-0.00036682
-0.00095732
-0.00094813
-0.00090126
-0.0020151
-0.0016008
-0.0015005
-0.0029178
-0.0039597
-0.004813
-0.0061845
-0.0065064
-0.0060709
-0.006152
-0.0057375
-0.005089
-0.0041593
-0.0033505
-0.0028624
-0.002022
5.1875e-05
0.0021328
0.0030478
0.0038596
0.004685
0.0053332
0.0056045
0.0059468
0.0055241
0.0053021
0.0056955
0.0051683
0.0040709
0.003335
0.0029368
0.0031087
0.0036471
0.0042267
0.0049452
0.0048194
0.0043851
0.0038559
0.0030325
0.0027017
0.0025997
0.0020327
0.0012801
0.0010514
0.00072779
-0.00037638
-0.0024992
-0.0049459
-0.0063754
-0.0072415
-0.0089245
-0.011642
-0.013796
-0.014987
-0.0156
-0.015921
-0.016857
-0.017241
-0.016651
-0.016024
-0.016085
-0.016311
-0.015587
-0.014534
-0.013411
-0.012038
-0.011684
-0.011066
-0.010143
-0.0093845
-0.0081103
-0.0067492
-0.0066938
-0.0069942
-0.0075847
-0.0078152
-0.0075226
-0.0069163
-0.00589
-0.0050476
-0.0038954
-0.0017112
0.00099793
0.0023769
0.0038851
0.0061388
0.0095159
0.012764
0.014661
0.016257
0.017727
0.019023
0.020261
0.019844
0.018528
0.017834
0.016801
0.015741
0.015875
0.017028
0.018875
0.02115
0.023435
0.025146
0.025833
0.025558
0.025345
0.025573
0.025461
0.024963
0.024586
0.0242
0.024232
0.024114
0.023292
0.022179
0.02076
0.01882
0.015795
0.012607
0.010326
0.0082301
0.006391
0.0044513
0.0021878
2.868e-05
-0.0012981
-0.002101
-0.0047201
-0.0070157
-0.0085294
-0.010474
-0.012065
-0.012824
-0.013719
-0.016037
-0.018964
-0.021212
-0.022836
-0.023766
-0.023882
-0.022979
-0.021301
-0.020205
-0.019473
-0.018679
-0.018454
-0.017949
-0.017026
-0.016289
-0.015303
-0.014011
-0.012129
-0.010345
-0.0094268
-0.0088145
-0.0083023
-0.007926
-0.0071102
-0.0058525
-0.0049548
-0.0042284
-0.0034379
-0.0031704
-0.0034026
-0.0026186
-0.001088
-0.00015529
0.0012885
0.002636
0.0037908
0.0044994
0.0056225
0.0072564
0.0084916
0.0091691
0.010338
0.011244
0.011324
0.011629
0.011146
0.01019
0.010122
0.010614
0.010516
0.0099659
0.010074
0.010302
0.010217
0.010492
0.010356
0.0091177
0.0076034
0.0064672
0.0062994
0.0068532
0.0073058
0.0070922
0.0064585
0.0055592
0.0048023
0.0042028
0.003277
0.0020131
0.0006969
-0.000743
-0.002217
-0.0032545
-0.0039145
-0.0041638
-0.0041382
-0.00421
-0.0044896
-0.0043843
-0.0041604
-0.0041769
-0.0041594
-0.0039759
-0.0038166
-0.0039221
-0.0040994
-0.0038509
-0.0033639
-0.0031197
-0.0030586
-0.0028873
-0.0026538
-0.0023862
-0.0021657
-0.0019622
-0.0016957
-0.0015273
-0.0013392
-0.001112
-0.0011129
-0.001128
-0.001064
-0.0010143
-0.0010319
-0.0012855
-0.0016199
-0.0019224
-0.0022458
-0.0024584
-0.0024755
-0.0023529
-0.0022917
-0.0023325
-0.0023608
-0.0023903
-0.0024867
-0.0025838
-0.0026142
-0.0025452
-0.0024102
-0.0022319
-0.002076
-0.0019411
-0.001781
-0.0016295
-0.0014767
0
0
0
0
0
0
0
0
0
0
0
0
0
0
0
0
0
0
0
0
0
0
0
0
0
0
0
0
0
0
0
0
0
0
0
0
0
0
0
0
0
0
0
0
0
0
0
0
0
0
0
0
0
0
0
0
0
0
0
0
0
0
0
0
0
0
0
0
0
0
0
0
0
0
0
0
0
0
0
0
0
0
0
0
0
0
0
0
0
0
0
0
0
0
0
0
0
0
0
0
0
0
0
0
0
0
0
0
0
0
0
0
0
0
0
0
0
0
0
0
0
0
0
0
0
0
0
0
0
0
0
0
0
0
0
0
0
0
0
0
0
0
0
0
0
0
0
0
0
0
0
0
0
0
0
0
0
0
0
0
0
0
0
0
0
0
0
0
0
0
0
0
0
0
0
0
0
0
0
0
0
0
0
0
0
0
0
0
0
0
0
0
0
0
0
0
0
0
0
0
0
0
0
0
0
0
0
0
0
0
0
0
0
0
0
0
0
0
0
0
0
0
0
0
0
0
0
0
0
0
0
0
0
0
0
0
0
0
0
0
0
0
0
0
0
0
0
0
0
0
0
0
0
0
0
0
0
0
0
0
0
0
0
0
0
0
0
0
0
0
0
0
0
0
0
0
0
0
0
0
0
0
0
0
0
0
0
0
0
0
0
0
0
0
0
0
0
0
0
0
0
0
0
0
0
0
0
0
0
0
0
0
0
0
0
0
0
0
0
0
0
0
0
0
0
0
0
0
0
0
0
0
0
0
0
0
0
0
0
0
0
0
0
0
0
0
0
0
0
0
0
0
0
0
0
0
0
0
0
0
0
0
0
0
0
0
0
0
0
0
0
0
0
0
0
0
0
0
0
0
0
0
0
0
0
0
0
0
0
0
0
0
0
0
0
0
0
0
0
0
0
0
0
0
0
0
0
0
0
0
0
0
0
0
0
0
0
0
0
0
0
0
0
0
0
0
0
0
0
0
0
0
0
0
0
0
0
0
0
0
0
0
0
0
0
0
0
0
0
0
0
0
0
0
0
0
0
0
0
0
0
0
0
0
0
0
0
0
0
0
0
0
0
0
0
0
0
0
0
0
0
0
0
0
0
0
0
0
0
0
0
0
0
0
0
0
0
0
0
0
0
0
0
0
0
0
