-1.0188e-11
-8.74e-07
-2.379e-05
-6.4252e-05
-5.7979e-05
-5.3265e-05
-5.7633e-05
-5.3567e-05
-5.3977e-05
-5.304e-05
-5.1539e-05
-5.0667e-05
-4.9496e-05
-4.8489e-05
-4.7425e-05
-4.6171e-05
-4.5076e-05
-4.2559e-05
-4.0507e-05
-4.15e-05
-3.7013e-05
-3.6678e-05
-3.7384e-05
-3.6529e-05
-3.5471e-05
-3.0522e-05
-2.6098e-05
-2.9381e-05
-2.879e-05
-1.8265e-05
-2.1595e-05
-2.4732e-05
-2.3312e-05
-1.6418e-05
-9.3048e-06
-1.227e-05
-1.5233e-05
-1.2507e-05
-1.9854e-05
1.6905e-06
9.9827e-06
-1.0569e-05
5.3798e-06
-9.5192e-07
-4.7202e-06
1.3309e-05
8.1537e-06
5.0023e-06
3.7114e-06
-7.166e-08
5.9984e-06
4.0897e-06
3.2391e-06
5.2478e-06
-1.0024e-05
5.9422e-06
5.6712e-06
1.6869e-05
2.6941e-05
4.0409e-05
3.6185e-05
-1.1751e-06
8.3835e-06
4.7512e-05
3.6392e-05
2.5919e-05
3.566e-05
4.9194e-05
3.8973e-05
3.7934e-05
4.8505e-05
2.7306e-05
6.0324e-06
1.9792e-05
7.8145e-05
6.6425e-05
2.9433e-05
3.4024e-05
2.7384e-05
1.6335e-05
2.8812e-05
3.4662e-05
3.5284e-06
1.9222e-05
7.4724e-05
6.2167e-05
6.5887e-05
9.0717e-05
2.5105e-05
5.661e-05
9.1217e-05
3.2647e-05
-1.2275e-05
-8.4883e-06
4.6627e-05
5.634e-05
3.3395e-05
5.2557e-05
4.3124e-05
1.3342e-05
5.0549e-05
2.0275e-05
-1.0883e-05
2.004e-06
-2.3069e-05
2.8121e-05
4.0818e-05
3.8838e-05
2.873e-05
1.0294e-05
1.4605e-05
3.5516e-05
1.2586e-05
-1.5939e-06
3.2267e-05
-9.7447e-06
-1.09e-05
9.623e-06
1.2429e-05
1.7191e-05
-4.2267e-05
5.2128e-06
-1.5325e-06
-2.6721e-05
1.7043e-05
-2.8952e-05
-5.9937e-05
-1.6761e-05
5.8522e-06
-3.8956e-06
-3.1019e-05
-9.2678e-06
6.7665e-06
-5.8343e-05
-5.9864e-05
-1.8903e-05
-2.2476e-05
-5.1951e-05
-8.7966e-05
-2.045e-05
-1.3986e-05
-6.3334e-05
-5.6216e-05
-2.2532e-05
-2.3659e-05
-1.5879e-05
-2.0839e-05
-2.5324e-05
-7.0462e-06
6.8864e-07
-2.946e-05
-2.2762e-05
-5.3819e-05
-6.4124e-05
-7.013e-06
-1.3737e-05
-6.6508e-05
-3.5069e-05
-7.5005e-05
-0.00012445
-5.0972e-05
-4.9402e-05
-5.1058e-05
-5.1175e-05
-3.934e-05
1.459e-05
-7.3564e-05
-8.6514e-05
-3.0688e-05
-3.2191e-05
-8.0827e-05
-0.00011903
-2.3704e-05
-3.4817e-05
-3.202e-05
-3.385e-05
-8.7118e-05
-4.6901e-05
-6.0834e-05
-3.1563e-05
-9.9463e-05
-6.6159e-05
-6.0492e-06
-7.7763e-05
-5.463e-05
-4.1663e-05
-7.1842e-05
-3.4413e-05
-5.1926e-05
-4.2566e-05
-3.7905e-05
-4.2259e-05
-8.1025e-05
-6.7955e-05
-6.9878e-05
-4.8715e-05
-4.8356e-05
-4.9032e-05
-4.1614e-05
-6.1444e-05
-6.0797e-05
-9.2366e-05
-8.4411e-05
-4.0457e-05
-5.1346e-05
-4.8069e-05
-4.0026e-05
-5.9733e-05
-8.3081e-05
-3.9931e-05
-1.3229e-05
-4.0824e-05
-7.6669e-05
-8.6369e-05
-3.916e-05
-5.2082e-05
-7.1253e-05
-5.5541e-05
-6.0811e-05
-6.9706e-05
-2.314e-05
-7.7958e-06
-8.9597e-06
-3.8825e-05
-2.4043e-05
-4.1737e-05
-8.6254e-05
-5.6309e-05
-0.00011939
-7.7033e-05
-5.2017e-05
-6.5201e-05
-3.4007e-05
-3.6545e-05
-2.2834e-05
-6.6427e-05
-5.4064e-05
-3.3097e-05
-4.4207e-05
-2.6803e-05
-1.3984e-05
1.3387e-05
8.8597e-06
-5.6078e-05
-5.7149e-05
-7.1187e-06
-5.8738e-05
-2.6726e-05
-8.6845e-06
-7.3269e-06
-3.649e-05
-3.7783e-05
-6.2546e-05
-0.00010521
-2.88e-05
-2.1566e-05
-5.8171e-05
-3.1965e-05
-2.0675e-05
-6.0794e-05
-4.1758e-05
3.2503e-06
4.8652e-08
-3.461e-05
-1.6331e-05
-4.8909e-05
-3.2267e-05
-3.5454e-05
-2.3093e-05
1.1874e-05
-3.724e-05
-8.4811e-06
1.3337e-05
-1.8888e-05
-1.2868e-05
-1.6604e-05
-1.1053e-05
-2.4314e-05
-9.0538e-06
2.9363e-05
-1.846e-05
-4.1745e-05
1.1387e-06
-2.5591e-05
-4.098e-05
3.7322e-05
3.3958e-05
-8.2455e-07
-4.2396e-05
-2.1425e-05
-6.9449e-05
-6.4156e-05
1.049e-05
-4.0469e-05
-4.7605e-05
-4.3448e-05
4.2133e-06
1.5845e-05
-1.8609e-05
-1.3772e-05
-2.5814e-05
-4.0997e-05
-4.5833e-05
-5.4622e-05
-3.9182e-06
-1.1247e-05
-9.3541e-06
4.8048e-06
1.308e-05
-2.7136e-05
-1.2326e-05
3.2518e-05
-4.2325e-05
-1.1607e-05
-1.4109e-05
1.6456e-05
4.4458e-05
1.0937e-05
-1.5597e-05
-2.4872e-05
4.218e-06
-1.5835e-05
-3.8537e-05
4.4891e-05
4.7772e-05
-3.8464e-06
-1.9904e-05
1.0234e-06
-2.7963e-05
-2.2356e-05
3.0662e-05
-2.4919e-05
9.064e-06
5.2822e-06
2.7233e-06
-7.2741e-06
-4.0815e-05
1.4024e-05
9.2762e-05
2.3059e-05
-4.9899e-05
8.7165e-06
5.5968e-05
-1.7171e-05
1.4294e-05
4.8831e-05
1.2516e-05
3.1575e-05
2.5747e-05
4.4978e-06
-7.3204e-06
4.4376e-06
-2.9466e-05
-2.0994e-05
1.8806e-05
1.1672e-05
3.9214e-05
1.9199e-05
4.7774e-05
5.6547e-06
-3.0169e-05
2.9748e-05
3.7247e-05
3.0703e-05
7.9004e-05
2.2797e-05
3.2901e-05
6.2675e-05
4.196e-05
3.6777e-05
4.4611e-05
4.3484e-05
6.1127e-05
5.5485e-05
2.958e-05
-4.8823e-06
-6.0665e-06
3.7527e-05
5.7019e-05
9.4665e-06
1.721e-05
4.0421e-05
3.41e-05
4.4888e-05
4.4922e-05
7.9049e-05
5.716e-06
4.3138e-05
0.0001045
5.8679e-05
5.4931e-05
7.9614e-05
5.2589e-05
3.3544e-05
3.0893e-05
-7.4319e-06
3.8278e-05
9.5178e-05
6.7771e-05
4.7627e-05
4.361e-05
3.2021e-05
2.9058e-05
1.2982e-05
3.839e-05
1.7466e-05
1.9892e-05
7.1057e-05
5.5444e-05
6.5503e-05
6.398e-05
4.5943e-05
8.4147e-05
9.9456e-05
6.2244e-05
4.8075e-05
6.9078e-05
5.3044e-05
6.2441e-05
5.6685e-05
3.1935e-05
4.517e-05
9.5293e-06
6.263e-05
8.7457e-05
4.6427e-05
2.348e-08
6.7657e-05
8.3667e-05
6.9262e-05
7.1954e-05
5.0161e-05
6.7784e-05
4.9064e-05
1.8793e-05
8.0768e-05
7.0652e-05
5.0801e-05
1.4101e-05
2.1577e-05
4.0794e-05
3.7672e-05
6.7325e-05
6.2774e-05
5.4712e-05
6.5453e-05
3.732e-05
3.6072e-05
1.0566e-05
2.2102e-05
2.2258e-05
3.0103e-05
4.4987e-05
4.319e-05
7.1996e-05
0.00010415
3.5202e-05
5.9167e-05
7.4785e-05
3.3728e-05
6.8945e-05
8.1053e-05
3.273e-05
5.3509e-05
7.9338e-05
2.3802e-05
5.7241e-05
8.8355e-05
7.832e-05
6.9563e-05
4.1171e-05
9.8852e-05
6.7645e-05
2.2301e-05
5.6474e-05
9.1008e-05
4.6586e-05
1.9513e-05
4.0228e-05
5.5592e-05
4.2714e-05
6.6542e-05
2.7902e-05
3.7509e-05
6.4393e-05
7.4578e-05
0.00010103
7.206e-05
4.5024e-06
-2.0249e-05
2.8631e-05
-4.2378e-05
-0.00024882
-0.0004703
-0.00057676
0.00033086
0.00090396
-7.659e-05
-0.00015357
5.5274e-05
-0.00047111
-0.00028948
-0.0016676
-0.0014269
0.00030809
-0.00070056
-0.00056258
0.0034501
0.0013459
-0.0019233
-0.0017877
-0.0028466
-0.0053914
-0.0034554
0.0018658
0.0044423
0.003887
0.0030189
0.003216
0.00097034
-0.0077195
-0.00611
-0.00020299
-0.0026657
-0.00090647
0.0096529
0.0092294
0.0033101
-0.0014143
-0.003538
-0.0041612
-0.0040299
-0.0045953
-0.0048124
-0.00274
0.0011292
0.0056285
0.0070637
0.01246
0.0072231
0.001416
0.00083542
-0.0065235
0.00083648
-0.0043644
-0.0071177
0.0029014
0.0025566
0.014123
0.0093577
-0.0080106
-0.008562
-0.0086065
-0.011628
0.0029897
0.0079379
0.012031
0.006683
0.0073416
0.011751
-0.0060712
-0.00035349
0.0057954
-0.0063193
0.0061783
0.0051317
-0.011313
-0.012274
-0.011907
-0.0079345
0.0031006
0.010727
0.0068617
0.0056581
0.012775
0.00084882
-0.0024041
0.00030429
-0.015566
0.0019352
0.028739
0.0074295
-0.0049054
-0.01055
-0.013064
-0.012202
-0.0047957
-0.00089156
-0.0015618
-0.011252
-0.010067
0.010976
0.0079067
0.00038233
-0.0028274
-0.0010378
0.0009046
0.0065134
0.0018701
-0.0031961
0.0020889
0.0093296
0.011562
-0.0012613
-0.010652
-0.0026131
-0.0092236
-0.015679
-0.012495
-0.00048686
0.016306
0.012679
-0.0082761
0.0012708
0.023256
0.022433
0.02779
0.026765
0.017365
-0.0043906
0.0028114
0.025878
0.032478
0.040184
0.034936
0.026169
0.033452
0.050739
0.024096
-0.062587
-0.096642
-0.10012
-0.13868
-0.14011
-0.086261
-0.03551
0.0057005
0.01931
-0.0048701
0.11461
0.14257
0.02609
0.040015
0.017499
-0.030985
-0.028385
-0.09268
-0.092427
0.046508
0.17145
0.1074
-0.0042577
-0.041857
0.012614
0.052824
0.069326
0.0082277
-0.12519
-0.16484
-0.098847
-0.0087957
0.017162
-0.014918
-0.0010975
0.089625
0.1595
0.084164
-0.13513
-0.19167
-0.07714
-0.053498
-0.030316
0.060853
0.13452
0.14913
0.026477
-0.15263
-0.14003
-0.13041
-0.074364
0.081667
0.091119
0.044416
0.081111
0.039923
-0.037254
-0.078997
-0.083014
0.0036665
0.10837
0.1216
0.12733
0.12489
0.12679
0.12247
0.087965
-0.0027172
-0.067358
-0.048434
-0.11453
-0.19563
-0.22591
-0.28241
-0.32554
-0.33185
-0.34119
-0.30501
-0.14698
0.19563
0.42658
0.38366
0.33527
0.1016
-0.19712
-0.25324
-0.24804
-0.21382
-0.096597
-0.027628
0.022057
0.11356
0.10127
0.11352
0.061258
-0.097972
-0.066053
-0.011457
-0.031058
0.095787
0.3148
0.39405
0.40009
0.38737
0.28863
0.090925
-0.036512
-0.10184
-0.085058
0.020055
0.052497
-0.061459
-0.14582
-0.13723
-0.17346
-0.22008
-0.16205
-0.068775
-0.067648
-0.073979
-0.079016
-0.09273
-0.084315
-0.053352
0.028673
0.13729
0.14385
0.062631
0.13063
0.27102
0.38166
0.32369
0.21094
0.20161
0.091398
0.053288
0.17266
0.082846
0.029346
0.18133
0.1958
0.17911
0.13278
-0.045196
-0.23163
-0.29508
-0.25969
-0.20101
-0.16275
-0.09116
0.074648
0.1933
0.17873
0.13749
0.027622
-0.13924
-0.19861
-0.17952
-0.15405
-0.15564
-0.18961
-0.12355
-0.042806
-0.1007
-0.17256
-0.090247
0.091888
0.20971
0.26296
0.20472
-0.05074
-0.29931
-0.32745
-0.36676
-0.27204
-0.074284
-0.0665
-0.036948
0.13594
0.27725
0.23908
0.065119
-0.12794
-0.18519
-0.15044
-0.095318
-0.0078047
0.03749
0.11924
0.2173
0.1615
0.089391
0.069493
0.048053
0.024179
0.020957
0.053251
0.0067613
-0.033773
-0.0025889
-0.0010848
-0.021261
-0.092283
-0.11199
-0.0060187
0.0056412
-0.041402
-0.034891
-0.079938
-0.14908
-0.13369
-0.065552
-0.006777
0.0061531
-0.03561
-0.0044745
0.032926
0.02129
0.026804
-0.020064
-0.073367
-0.06699
-0.058463
-0.0030344
0.12753
0.18492
0.16995
0.11727
0.0056887
-0.063106
-0.092139
-0.098013
0.0006494
0.044995
-0.039751
0.028479
0.084036
0.074046
0.10757
0.018593
-0.058332
-0.051529
0.010971
0.07493
0.06645
0.072921
0.13645
0.13538
0.056531
-0.0025809
-0.02676
-0.051911
-0.039008
-0.021672
-0.033005
-0.033837
-0.011317
0.048445
0.037597
-0.050184
-0.032313
0.034091
0.03135
0.034759
0.022055
0.022801
0.062902
0.090591
0.11856
0.14565
0.089985
-0.032233
-0.018545
-0.0015492
-0.081012
-0.09982
-0.080762
-0.0014598
0.013921
-0.090777
-0.07157
0.040173
0.04726
0.0097434
-0.0020553
-0.0087679
-0.014914
-0.050842
-0.072754
-0.076292
-0.040324
-0.01805
-0.055981
-0.014811
0.021843
0.079674
0.11431
0.075677
0.041773
-0.019385
-0.028819
-0.023566
-0.064849
-0.040912
-0.029692
0.010507
0.083553
0.078284
0.038868
0.045383
0.098628
0.056658
0.039286
0.049305
0.065876
0.059572
-0.041841
-0.11879
-0.089403
-0.079372
-0.089822
-0.01082
0.083811
0.072673
0.043461
0.022345
-0.0084293
0.021775
0.013695
-0.013711
-0.016218
-0.051686
-0.050108
-0.032899
-0.034142
0.026893
0.033033
-0.074919
-0.12377
-0.097584
-0.066459
-0.077474
-0.077907
-0.034461
-0.010829
-0.029854
-0.097667
-0.1215
-0.12195
-0.071097
-0.0057128
-0.035142
-0.045245
-0.045479
-0.067129
-0.06806
-0.065389
-0.098336
-0.11047
-0.071044
-0.031123
-0.013011
-0.012874
-0.021649
-0.033416
-0.016571
0.028985
0.032616
-0.030776
-0.057184
-0.04566
-0.035605
0.030637
0.084004
0.11169
0.13308
0.1251
0.12708
0.11128
0.040163
-0.029731
-0.056259
-0.065352
-0.050586
0.011503
0.036086
0.057259
0.054302
0.039208
0.091102
0.081164
0.033567
0.023675
0.024177
0.01475
0.017688
0.02691
0.045697
0.070128
0.052778
0.020891
0.027399
0.07223
0.068817
0.039442
-0.00017779
-0.045511
-0.021697
-0.0041875
0.017659
0.042731
0.040164
0.034395
0.055343
0.076857
0.083138
0.058875
0.012481
-0.014596
-0.025558
-0.0063709
0.025251
0.053777
0.044024
0.018012
0.0069788
0.017706
-0.010265
-0.035437
-0.043706
-0.032911
-0.0078655
-0.0051036
-0.053698
-0.063084
-0.0020286
0.035824
0.028341
-0.021702
-0.059822
-0.045979
-0.039227
-0.06898
-0.079021
-0.03895
0.00015138
0.00088992
-0.043932
-0.066783
-0.045574
-0.018474
0.0059375
0.0069574
-0.021711
-0.015529
0.005663
-0.0052309
-0.0086238
-0.03864
-0.034664
0.044647
0.073964
0.042648
5.9843e-05
-0.042379
-0.045757
-0.031685
-0.044321
-0.052612
-0.051254
-0.018374
0.053822
0.087079
0.12261
0.082514
0.0023193
-0.023434
-0.0081482
0.016181
0.012279
-0.0012875
-0.010702
-0.0024068
-0.021303
-0.035611
0.0048568
0.038641
0.043253
0.01073
-0.067856
-0.11175
-0.073889
-0.017369
0.011515
-0.0062444
-0.029834
-0.014643
-0.0025233
0.014669
0.031958
0.040259
-0.022827
-0.056399
-0.046016
-0.07477
-0.080397
-0.032695
-0.012032
-0.043037
-0.063243
-0.034538
0.082703
0.14221
0.097861
0.095493
0.086317
0.0077489
-0.089259
-0.10973
-0.073688
-0.071538
-0.10465
-0.13862
-0.12263
-0.071104
0.017997
0.11519
0.13056
0.11085
0.077897
-0.0033226
-0.059911
-0.056905
-0.067742
-0.10424
-0.078363
0.006598
0.066986
0.094521
0.059891
0.00072296
0.026878
0.0019744
-0.067006
-0.046725
-0.04043
-0.011527
0.0065904
-0.010443
0.0042384
0.0178
0.044334
0.053133
-0.001597
-0.041091
-0.040957
-0.049656
-0.041554
-0.017699
0.019177
0.085778
0.13668
0.12143
0.075308
0.028873
0.0026713
0.012968
0.033366
0.042193
0.029033
-0.0027051
-0.0083841
-0.0094766
-0.023292
-0.0023208
0.031931
0.075019
0.12064
0.13548
0.1231
0.085523
0.055696
0.039445
-0.012269
-0.11912
-0.15804
-0.14158
-0.081436
0.036297
0.056397
0.01676
0.0021026
-0.0065757
-0.01599
-0.0057655
-0.0058378
-0.037498
-0.04237
-0.051033
-0.038345
-0.025117
-0.052164
-0.056804
-0.047562
-0.044526
-0.078622
-0.092377
-0.047911
0.03433
0.077074
0.02544
0.010926
0.056287
0.096952
0.14546
0.15002
0.096592
0.016628
-0.015804
-0.022813
-0.032735
-0.021386
-0.030923
-0.036968
-0.02605
-0.0088949
0.053916
0.12011
0.12011
0.045497
-0.055994
-0.080417
-0.056791
-0.030696
-0.0092456
0.007986
0.020801
0.025412
0.022251
0.0088003
0.015141
0.022829
0.025723
0.058642
0.06212
-0.0047978
-0.073583
-0.076987
-0.043572
0.024391
0.083272
0.066381
0.057545
0.062133
0.069154
0.077121
0.050352
0.017398
0.017337
0.00078499
-0.043858
-0.039922
0.012057
0.039466
0.036881
0.036785
0.0078033
-0.024447
-0.021124
-0.02884
-0.039472
-0.036854
-0.038257
-0.0037905
0.024652
0.0060257
0.0077913
0.0075745
-0.0077802
-0.004677
0.012757
0.032726
0.043031
0.028166
-0.010843
-0.032765
-0.00027732
0.029467
0.024024
0.036057
0.039097
0.028927
-0.019576
-0.079242
-0.065548
-0.042315
-0.05221
-0.043625
-0.016558
-0.0080616
-0.017032
-0.036387
-0.047668
-0.01714
0.012125
-0.020392
-0.067361
-0.069144
-0.067274
-0.064256
-0.040914
-0.00301
0.033533
0.040277
0.032339
0.041462
0.05243
0.035635
0.0051979
-0.013264
-0.016953
0.0088494
0.037702
0.037304
0.022189
0.038979
0.05337
0.039631
0.02005
0.013737
0.020797
-0.0061607
-0.029769
-0.018989
-0.0097294
-0.018995
-0.03308
-0.036943
-0.02457
-0.019712
-0.021353
-0.016191
-0.015233
-0.019108
-0.028835
-0.036726
-0.045442
-0.0374
0.00039569
0.023853
-0.0026688
-0.02066
0.0077587
0.04262
0.041088
0.021508
0.022631
0.024194
-0.0020311
-0.029643
-0.022948
-0.013208
-0.019855
-0.01282
0.0090876
0.015994
0.01934
0.024295
0.020876
0.013287
-0.00034507
-0.0040791
0.0073842
0.010902
0.0089351
0.006464
0.0026337
-0.0059195
-0.01989
-0.032211
-0.042732
-0.041593
-0.035096
-0.013543
0.01972
0.020557
0.016488
0.025743
0.025077
0.0023718
-0.026376
-0.018014
0.011732
0.020914
0.024534
0.037529
0.026665
0.009064
0.0020525
0.0025723
0.0078478
-0.0094045
-0.010962
0.0096455
0.0090408
-0.0042957
-0.0028513
-0.0012456
0.0098878
0.0070379
-0.021047
-0.028118
-0.026606
-0.029452
-0.023909
-0.0099931
-0.00026727
-0.0092989
-0.019725
-0.0039293
0.0080674
-0.019394
-0.042278
-0.029413
-4.541e-05
0.016647
0.0037106
-0.0081643
-0.00078252
0.0001435
-0.005772
-0.010692
-0.015283
-0.011685
-0.017001
-0.032504
-0.041331
-0.030051
-0.018444
-0.03061
-0.040558
-0.044859
-0.046101
-0.016952
0.0058246
0.01091
0.00011386
-0.014691
0.0051418
0.012178
0.0058424
0.015955
0.025623
0.023492
0.012707
0.01506
0.012319
-0.010604
-0.018226
-0.0051394
0.0078756
0.010854
0.0083351
0.013176
0.023929
0.022234
0.014904
0.010805
7.1665e-05
-0.0055011
7.7307e-05
0.0062212
0.013636
0.01463
0.0082241
0.007036
0.0077861
0.012862
0.011755
7.8196e-05
-0.0084869
-0.013988
-0.016273
-0.014856
-0.00163
0.0066899
-0.0019299
-0.0029757
0.0079679
0.015556
0.01384
0.012775
0.0060636
0.0057483
0.0030928
-0.0086781
-0.0072302
-0.001154
-0.0086181
-0.01441
-0.012884
-0.006881
0.0030643
0.012745
0.019308
0.020454
0.022304
0.026602
0.029978
0.027331
0.014924
0.0082681
0.011711
0.013731
0.011533
0.015036
0.020201
0.014084
0.0083503
0.0072017
0.010493
0.015758
0.020944
0.03231
0.026491
0.012107
0.0090601
0.0077939
0.0055587
-0.00081185
-0.0069971
-0.0035669
-0.0013686
0.0019065
0.0084566
0.00093128
-0.015293
-0.0097172
-0.0013354
-0.0058641
-0.0054051
-0.0059084
-0.0081067
-0.010468
-0.018842
-0.028438
-0.034959
-0.037504
-0.03576
-0.032672
-0.032205
-0.025371
-0.011982
-0.012033
-0.0078682
-0.0037405
-0.011394
-0.011883
-0.011348
-0.017859
-0.019358
-0.012714
-0.005777
-0.0040338
0.00017363
0.0015008
0.00087385
0.0023374
-0.001561
-0.0027366
0.0028844
0.0024027
0.0041998
0.0092441
0.0093146
0.010288
0.011464
0.010253
0.0082227
0.013302
0.019285
0.0093818
0.0023683
0.002943
0.00062769
0.0069156
0.006382
0.0051986
-0.0021802
-0.01507
-0.010082
0.0015803
0.0097647
0.01656
0.014529
0.0034444
-0.0021551
-0.0039063
-0.010965
-0.0082317
0.0016794
-0.0039172
-0.01485
-0.014412
-0.0044199
0.0030998
0.0038666
0.002132
0.0014746
0.0010102
0.0022644
0.014572
0.024503
0.019934
0.012975
0.0091511
0.010399
0.0021366
0.0016266
0.0095884
0.0037655
-0.0011965
0.0015505
-0.004098
-0.0049923
0.0018978
0.0018589
-0.0013201
-0.010132
-0.018082
-0.012019
0.0021853
0.0062206
-0.0050592
-0.0057031
0.0040464
-0.0041635
-0.0056934
0.0038465
0.0010321
-0.0084261
-0.0092762
-0.0026351
0.0010154
-0.0015999
0.00030733
-0.0011199
-0.0034573
0.0014969
0.0037714
0.006276
0.0080155
0.0068398
0.010032
0.011538
0.0043691
-0.0027806
-0.01349
-0.0070362
-0.00078174
-0.014329
-0.027673
-0.023601
-0.013764
-0.012456
-0.012758
-0.0024171
0.0060161
0.001186
-0.0003924
0.0056964
0.0073067
0.0047568
0.008242
0.019285
0.026423
0.014916
-0.002621
-0.0041152
0.001297
0.0086455
0.0085155
0.0083041
0.0068737
0.0020524
0.010151
0.011553
0.0092253
0.011416
0.012553
0.016106
0.013099
0.0078488
0.014419
0.015627
0.00018348
-0.0069186
-0.0043284
-0.0075075
-0.010022
-0.015583
-0.02403
-0.019627
-0.0092911
-0.006814
-0.01224
-0.015084
-0.0097489
-0.007748
-0.0078093
-0.014797
-0.01758
-0.014437
-0.0094194
-0.01118
-0.018511
-0.011978
-0.00093844
0.0014656
-0.00097291
-0.00010217
0.0053207
0.0065995
0.0095649
0.016249
0.0087384
0.0011575
0.0050493
0.0049875
-0.0050862
-0.012949
-0.0087272
-0.0031521
-0.0068393
-0.0089127
-0.0067229
-0.00054263
0.001869
0.0041706
0.00088536
-0.0067063
-0.00322
0.0022746
0.0024208
0.0020753
0.005357
0.0076273
0.010219
0.0059054
-0.01925
-0.0032502
0.024876
0.0068989
0.017366
0.0097155
-0.0017778
0.0072239
-0.00078537
-0.004744
-0.00089635
-0.014276
-0.012435
-0.0069527
-0.012398
-0.017135
-0.0049449
-0.0029889
-0.0043766
-0.015127
-0.011901
0.0058563
0.0022943
0.0042111
0.0067054
-0.0039095
0.0093782
0.014199
-0.0040093
-0.0017343
0.0055124
-0.0047934
0.00046206
0.0072508
-0.0016863
-0.010836
-0.011059
-0.011383
-0.00775
-0.005799
-0.0065014
-0.0033285
0.0034477
0.012505
0.01308
0.0046037
0.0021108
0.0033685
0.0084256
0.0089509
0.00068307
-0.0005181
-0.0025211
-0.006232
-0.0054965
-0.00022805
0.0013875
0.00047226
0.0056313
0.0134
0.015301
0.01224
0.0066575
0.0074416
0.012435
0.013077
0.0054143
-0.0041459
-0.0010876
0.009609
0.0054218
-0.010758
-0.014416
-0.004879
0.0053677
0.0080385
0.0033503
0.0019448
0.0058005
0.003717
-0.0035595
-0.0089705
-0.0049716
-0.0040166
-0.0054217
-0.0042808
-0.0083256
-0.010179
-0.012233
-0.016443
-0.012636
-0.0020833
-0.0014515
-0.0020727
-0.0035897
-0.0057474
-0.0016618
-0.00096956
0.0001167
-0.0043928
-0.0057411
0.0045761
0.0082231
0.0063016
0.0072636
0.0093763
0.010989
0.015124
0.01577
0.013658
0.01613
0.0134
0.0093857
0.0061756
0.003936
-0.00014008
-0.004138
-0.0021577
-0.00064393
-0.0018571
0.00080048
0.0020098
0.0013731
-0.0013646
-0.0003429
0.0086951
0.0095703
0.0032746
0.0079337
0.0050862
-0.0036717
-0.00087626
-0.00089368
0.0020699
0.0054574
0.0037929
0.005897
0.0069481
0.0012179
0.0040225
0.004491
-0.0039236
-0.0067215
-0.0071082
-0.0096695
-0.0048748
-0.0018067
-0.0028948
-0.0039014
-0.0049809
-0.0028334
-0.0068141
-0.012311
-0.0081924
-0.0032638
-0.0048702
-0.0045358
-0.0071085
-0.0084826
-0.0015529
-0.0033214
-0.0086813
-0.0058863
-9.1952e-05
0.0011001
0.0021509
0.0079713
0.011444
0.0085946
0.0050698
0.0010474
-0.00069961
-0.0009041
0.0021241
0.0078173
0.010384
0.0084547
0.0067421
0.0083728
0.0086441
0.006894
0.0078973
0.0053949
0.002839
0.0033026
0.0058214
0.0083619
0.0099972
0.0076151
0.0028184
0.00025726
-0.0032222
-0.007593
-0.0082849
-0.0092231
-0.0089608
-0.0089498
-0.0072372
-0.0017212
-0.00084038
0.00099718
0.0037122
-0.0050649
-0.009981
-0.0073581
-0.012551
-0.016777
-0.017886
-0.020082
-0.01474
-0.011353
-0.01287
-0.011362
-0.011433
-0.011036
-0.0088553
-0.011353
-0.011386
-0.0065342
-0.0064933
-0.0063617
-0.0038459
-0.0026158
-0.00042503
-0.0011819
-0.0021735
5.9687e-05
0.0028027
0.0057025
0.01006
0.011563
0.01162
0.012094
0.010043
0.0081169
0.011297
0.015003
0.013128
0.011421
0.010277
0.010874
0.011482
0.011856
0.011393
0.010424
0.011436
0.012331
0.0087682
0.004891
0.0028508
0.00045658
-0.00023047
-0.0019054
-1.9235e-05
0.0066783
0.0098446
0.0079923
0.0050175
0.0038236
0.0019778
0.0037399
0.0017414
-0.0060355
-0.0083342
-0.0087595
-0.0050384
-0.00059824
-0.0025766
-0.0068204
-0.010316
-0.0075443
0.0025386
0.0033965
-0.0039371
-0.0043059
-0.0016576
0.0023053
0.0051508
0.0040398
0.0044572
0.0051072
0.0035304
0.00072785
0.0017446
0.0021808
0.00096807
0.0033739
-0.0014677
-0.005415
-0.0019318
0.0025891
0.0033797
0.0040323
0.00854
0.01174
0.0083122
-0.0012408
-0.0040627
0.0023533
0.0025205
-0.0023769
-0.0016795
-0.00073748
-5.8666e-05
0.0029694
0.00057543
-0.0061452
-0.0080768
-0.007586
-0.008188
-0.007019
-0.0084236
-0.011598
-0.011469
-0.0076411
-0.0035983
-0.0029237
-0.006034
-0.0061093
-0.0052739
-0.0052357
-0.0042302
-0.0031064
-0.0026647
-0.0044066
-0.0061017
-0.0041393
-0.0026758
-0.001036
-0.0019684
-0.00083179
0.0031074
0.0018301
0.0013352
0.0038783
0.0042688
0.0027424
0.00055561
-0.0022857
-0.0018536
0.00026617
5.0942e-05
-0.0006734
5.6485e-05
0.00066008
-0.000732
-0.0012088
-0.00089415
0.0020527
0.0048383
0.004742
0.0033205
0.0018294
0.0036926
0.0045724
0.0024214
0.00091804
0.00019717
0.00067945
0.0038093
0.0020666
-0.0010645
0.0010662
0.00098006
-0.0001086
-0.00080483
-0.001639
-0.00077745
-0.00034002
-0.00093407
-0.0010376
-0.00039096
-0.00012747
0.00021619
0.00092579
0.00071752
0.0010029
0.0014859
0.0013014
-5.4291e-05
-0.001433
0.00015872
0.0013067
0.00047922
0.00027404
0.00053028
0.0019631
0.0024005
0.0013497
0.00086702
0.00056019
0.0006278
0.00011007
-0.00035727
0.00052592
0.0011325
0.00098451
0.00092405
0.00076943
0.00011136
-0.00062991
-0.00077692
-0.00092822
-0.0014441
-0.0017993
-0.0020064
-0.0021793
-0.0020942
-0.0019761
-0.0018766
-0.0016448
-0.0013466
-0.00083373
-0.00061433
-0.00072815
-0.00063995
-0.00064266
-0.00063016
-0.00064309
-0.00059268
-0.0004341
-0.00047694
-0.00031394
-0.00017535
-0.00014712
-0.00023834
-0.00034913
-0.00028237
-8.1432e-05
5.7212e-06
-3.2117e-05
9.6738e-05
8.1497e-05
3.7049e-05
7.9932e-05
5.4116e-05
3.8509e-05
2.4978e-05
-1.7816e-05
-3.068e-05
1.4152e-05
7.9578e-05
6.4872e-05
2.9772e-05
3.414e-05
4.5834e-05
3.2085e-05
6.9234e-06
-1.9807e-06
1.4219e-05
1.8517e-05
1.6206e-05
2.7556e-05
3.5622e-05
4.3109e-05
4.8421e-05
4.9418e-05
5.1843e-05
5.3435e-05
5.8022e-05
6.449e-05
6.9685e-05
7.5834e-05
8.1493e-05
8.6907e-05
9.2539e-05
9.7604e-05
0.00010278
0.00010827
0.0001139
0.00011963
0.00012543
0
0
0
0
0
0
0
0
0
0
0
0
0
0
0
0
0
0
0
0
0
0
0
0
0
0
0
0
0
0
0
0
0
0
0
0
0
0
0
0
0
0
0
0
0
0
0
0
0
0
0
0
0
0
0
0
0
0
0
0
0
0
0
0
0
0
0
0
0
0
0
0
0
0
0
0
0
0
0
0
0
0
0
0
0
0
0
0
0
0
0
0
0
0
0
0
0
0
0
0
0
0
0
0
0
0
0
0
0
0
0
0
0
0
0
0
0
0
0
0
0
0
0
0
0
0
0
0
0
0
0
0
0
0
0
0
0
0
0
0
0
0
0
0
0
0
0
0
0
0
0
0
0
0
0
0
0
0
0
0
0
0
0
0
0
0
0
0
0
0
0
0
0
0
0
0
0
0
0
0
0
0
0
0
0
0
0
0
0
0
0
0
0
0
0
0
0
0
0
0
0
0
0
0
0
0
0
0
0
0
0
0
0
0
0
0
0
0
0
0
0
0
0
0
0
0
0
0
0
0
0
0
0
0
0
0
0
0
0
0
0
0
0
0
0
0
0
0
0
0
0
0
0
0
0
0
0
0
0
0
0
0
0
0
0
0
0
0
0
0
0
0
0
0
0
0
0
0
0
0
0
0
0
0
0
0
0
0
0
0
0
0
0
0
0
0
0
0
0
0
0
0
0
0
0
0
0
0
0
0
0
0
0
0
0
0
0
0
0
0
0
0
0
0
0
0
0
0
0
0
0
0
0
0
0
0
0
0
0
0
0
0
0
0
0
0
0
0
0
0
0
0
0
0
0
0
0
0
0
0
0
0
0
0
0
0
0
0
0
0
0
0
0
0
0
0
0
0
0
0
0
0
0
0
0
0
0
0
0
0
0
0
0
0
0
0
0
0
0
0
0
0
0
0
0
0
0
0
0
0
0
0
0
0
0
0
0
0
0
0
0
0
0
0
0
0
0
0
0
0
0
0
0
0
0
0
0
0
0
0
0
0
0
0
0
0
0
0
0
0
0
0
0
0
0
0
0
0
0
0
0
0
0
0
0
0
0
0
0
0
0
0
0
0
0
0
0
0
0
0
0
0
0
0
0
0
0
0
0
0
0
0
0
0
0
0
0
0
0
0
