-4.1725e-11
-3.5539e-06
-9.5085e-05
-0.00023541
-0.00014952
-8.4949e-05
-0.00034178
-0.00074436
0.00020304
0.0025412
0.0049128
0.0066959
0.0028839
-0.005556
-0.010994
-0.010812
0.0014571
0.017776
0.019826
0.005668
-0.011003
-0.011921
-0.011838
-0.0085344
-0.0032367
0.0049157
-0.0074964
-0.034791
-0.052449
-0.070051
-0.042491
0.0044359
0.02571
0.03327
0.018612
-0.016313
-0.044923
-0.077326
-0.097906
-0.07122
0.0087065
0.064423
0.064992
0.032951
0.012345
0.022557
0.027961
-0.018772
-0.080124
-0.09618
-0.02415
0.056886
0.094369
0.093205
0.06849
-0.010189
-0.13598
-0.16862
-0.11484
-0.013739
0.079988
0.11455
0.049042
0.011392
0.066695
0.044116
-0.003869
-0.065207
-0.1539
-0.14952
-0.072894
0.027354
0.11436
0.15574
0.056634
-0.13125
-0.16443
-0.069951
0.0036576
0.073993
0.15842
0.20872
0.19235
0.14183
0.064447
-0.03399
-0.046554
-0.010299
-0.037522
-0.0039703
0.077273
0.18157
0.26505
0.16586
-0.047826
-0.17439
-0.14296
-0.0090014
0.16154
0.25596
0.22074
0.077408
-0.044177
-0.13504
-0.2046
-0.1493
0.014318
0.1371
0.066883
-0.0039593
0.014938
-0.018521
-0.033778
0.013837
0.0050561
-0.046238
-0.010366
0.11908
0.2566
0.18404
-0.033033
-0.16543
-0.19103
-0.057162
0.072098
0.14957
0.21295
0.15003
0.020108
-0.087461
-0.13206
-0.08752
-0.057764
-0.075803
0.07641
0.17848
0.098092
0.017903
-0.081346
-0.16663
-0.17317
-0.15315
-0.081746
0.039936
0.071928
0.017723
0.013
-0.004428
-0.086086
-0.10908
-0.044755
0.026062
0.074531
0.068179
0.013818
-0.04677
-0.10398
-0.062141
0.021997
0.035549
0.010587
-0.021884
-0.06037
-0.053469
-0.08445
-0.1106
-0.059315
-0.042086
-0.018634
-0.03119
-0.13757
-0.20506
-0.23333
-0.2264
-0.11412
0.035649
0.07152
-0.063436
-0.22615
-0.27705
-0.21843
-0.054653
0.039586
0.0085542
0.009454
-0.0046436
0.0090476
0.055025
0.026314
-0.046727
-0.075077
-0.040964
-0.053191
-0.12004
-0.19481
-0.15934
-0.018844
0.067299
0.1545
0.24471
0.19402
0.055746
-0.030305
-0.14922
-0.22034
-0.093084
0.016653
0.028998
0.054731
0.0050489
-0.0084929
0.067229
0.041773
-0.02769
-0.039599
0.0014278
0.10316
0.14894
0.13133
0.14693
0.060665
-0.022767
0.0016827
-0.021191
-0.047761
-0.030479
-0.051717
-0.026619
0.034979
0.070482
0.075275
0.028338
0.0043917
0.021322
0.051654
0.10032
0.11273
0.064641
0.030287
0.067292
0.076923
0.070889
0.10094
0.073938
0.056531
0.12661
0.16769
0.15634
0.17677
0.1729
0.1405
0.12756
0.070661
-0.011238
-0.030418
-0.0062231
0.02845
0.07692
0.091484
0.066081
0.0088232
-0.032603
-0.040086
-0.052001
-0.051025
-0.042618
0.017206
0.088113
0.078516
0.0057964
-0.049154
-0.043598
-0.0024794
0.093417
0.1259
0.040487
0.0012597
-0.031892
-0.12341
-0.09878
0.032872
0.11334
0.13661
0.093763
-0.0038505
-0.081622
-0.087857
0.016195
0.036755
-0.029337
-0.039778
-0.038968
-0.052183
-0.058856
-0.050084
-0.03298
0.0046396
-0.01036
-0.12112
-0.18
-0.15496
-0.11944
-0.081178
-0.047017
0.00079173
0.031
0.01814
-0.017699
-0.079465
-0.13046
-0.14643
-0.12603
-0.12103
-0.060638
0.12118
0.17684
0.098801
0.048443
-0.015182
-0.060456
-0.032366
0.10007
0.19242
0.087061
-0.030151
-0.065828
-0.10804
-0.055892
0.037775
0.025646
-0.0099739
0.023073
0.02599
-0.0064507
0.023881
0.042466
0.014741
-0.0085471
0.00094305
0.049815
0.091072
0.029451
-0.069973
-0.085519
-0.11308
-0.059209
0.098818
0.16056
0.14194
0.11371
0.0083091
-0.084375
-0.084877
-0.079637
-0.040548
0.032185
0.10436
0.11307
0.0099415
-0.062135
-0.047472
-0.057763
-0.061187
-0.033903
-0.018696
0.0046292
-0.022122
-0.051515
-0.023661
-0.019186
-0.024712
0.0039561
0.037944
0.029396
-0.030459
-0.051025
0.0018986
-0.0028006
-0.027412
-0.019982
-0.044989
-0.094077
-0.075137
0.002071
0.0039137
-0.061888
-0.099917
-0.10306
-0.05879
0.02533
0.089645
0.095728
0.016305
-0.097181
-0.16079
-0.13075
-0.038209
0.026998
0.028903
-0.0036898
-0.041055
-0.06059
-0.050577
-0.021322
-0.02047
-0.023978
-0.010482
0.017795
0.053562
0.064832
0.051448
0.053348
0.07021
0.065046
0.04948
0.062559
0.073723
0.079999
0.073873
0.02872
-0.024635
-0.032497
-3.3319e-05
0.042478
0.05997
0.04676
0.036056
0.006445
-0.020912
-0.018314
0.0020836
0.025085
0.037035
0.045712
0.023727
0.014678
0.034552
0.03069
0.027094
0.023477
0.0077945
-0.019143
-0.052029
-0.06311
-0.045705
-0.023978
-0.019916
-0.016243
0.0047074
0.011572
-0.0061207
-0.03727
-0.052667
-0.04312
-0.010296
0.042248
0.075669
0.061421
0.0040579
-0.066002
-0.11305
-0.10158
-0.030831
0.031797
0.040988
0.0085996
-0.035963
-0.071988
-0.092329
-0.082248
-0.039784
3.1758e-05
0.013782
0.03557
0.05774
0.05924
0.057068
0.026276
-0.03351
-0.0498
-0.025139
-0.0013629
-0.00048607
-0.019418
-0.010271
0.0031244
0.0096311
0.037014
0.043678
0.028075
0.024795
0.029604
0.03701
0.032543
0.020829
0.024235
0.030492
0.023683
0.021009
0.016788
0.030534
0.025895
-0.0066715
-0.0013073
0.021908
0.052453
0.06587
0.019441
-0.031422
-0.038021
-0.031121
-0.018837
-0.005886
-0.018835
-0.03173
-0.025746
-0.020013
0.002972
0.037858
0.046235
0.034016
0.0052414
-0.015916
-0.00318
0.014294
0.013143
0.0056105
0.007573
0.0063265
0.0043512
-0.006915
-0.026448
-0.0247
-0.0084964
0.011192
0.028063
0.024999
0.0075914
0.0052086
0.022222
0.020468
0.0055523
-0.0045957
0.0042618
0.0080782
-0.0052109
-0.0080291
-0.0068948
-0.015964
-0.018509
-0.034657
-0.068007
-0.072515
-0.041685
-0.014239
0.011271
0.032311
0.024579
0.0092667
-0.015128
-0.025087
-0.030727
-0.043542
-0.051046
-0.032753
0.004257
0.030814
0.035332
0.026636
0.00045549
-0.037759
-0.066393
-0.056517
-0.010848
0.016299
0.024449
0.035149
0.024012
-0.018955
-0.036963
-0.017874
0.016748
0.05506
0.080354
0.065621
0.01454
-0.036279
-0.054999
-0.049942
-0.041682
-0.025906
-0.013155
-0.0026794
0.010171
0.022016
0.018865
-1.9796e-05
-0.00054091
0.0057333
0.0074811
-0.00019748
2.4038e-05
0.021004
0.037148
0.021087
-0.019319
-0.043734
-0.035362
-0.01275
0.016527
0.044021
0.04807
0.029084
0.0064522
0.0015989
0.017163
0.022456
0.018703
0.023117
0.022585
0.013808
0.014976
0.0091552
-0.0078845
-0.008085
0.0044213
0.023602
0.033483
0.023937
-0.0025109
-0.027268
-0.027962
0.00020348
0.022277
0.030855
0.012182
-0.027101
-0.034745
-0.012962
0.010149
0.013984
0.0082167
-0.0059696
-0.027777
-0.031703
-0.024356
-0.0080733
0.023974
0.038933
0.02505
0.0089072
0.011748
0.00797
-0.0020068
0.0082681
0.021075
0.033388
0.037015
0.016171
-0.0025985
-0.021135
-0.026993
-0.01961
-0.0023551
0.032771
0.045099
0.025348
-0.014206
-0.054839
-0.062253
-0.030287
4.5945e-06
0.01635
0.015968
-0.0032852
-0.02638
-0.03703
-0.02908
-0.011671
-0.0035707
-0.0086242
-0.020876
-0.03118
-0.037747
-0.034162
-0.019825
-0.009873
-0.0054217
-0.0047579
-0.0059071
-0.010485
-0.013072
-0.013776
-0.010255
0.00019392
0.0071115
0.011606
0.012356
0.0078993
0.0013862
-0.002887
-0.0029813
4.5245e-05
0.0038
0.0065324
0.0070514
0.0074058
0.0067503
0.0058433
0.0062935
0.0066044
0.0068446
0.0074261
0.0075284
0.0073053
0.0070067
0.0066743
0.0063113
0.0058513
0.0053276
0.004731
0
0
0
0
0
0
0
0
0
0
0
0
0
0
0
0
0
0
0
0
0
0
0
0
0
0
0
0
0
0
0
0
0
0
0
0
0
0
0
0
0
0
0
0
0
0
0
0
0
0
0
0
0
0
0
0
0
0
0
0
0
0
0
0
0
0
0
0
0
0
0
0
0
0
0
0
0
0
0
0
0
0
0
0
0
0
0
0
0
0
0
0
0
0
0
0
0
0
0
0
0
0
0
0
0
0
0
0
0
0
0
0
0
0
0
0
0
0
0
0
0
0
0
0
0
0
0
0
0
0
0
0
0
0
0
0
0
0
0
0
0
0
0
0
0
0
0
0
0
0
0
0
0
0
0
0
0
0
0
0
0
0
0
0
0
0
0
0
0
0
0
0
0
0
0
0
0
0
0
0
0
0
0
0
0
0
0
0
0
0
0
0
0
0
0
0
0
0
0
0
0
0
0
0
0
0
0
0
0
0
0
0
0
0
0
0
0
0
0
0
0
0
0
0
0
0
0
0
0
0
0
0
0
0
0
0
0
0
0
0
0
0
0
0
0
0
0
0
0
0
0
0
0
0
0
0
0
0
0
0
0
0
0
0
0
0
0
0
0
0
0
0
0
0
0
0
0
0
0
0
0
0
0
0
0
0
0
0
0
0
0
0
0
0
0
0
0
0
0
0
0
0
0
0
0
0
0
0
0
0
0
0
0
0
0
0
0
0
0
0
0
0
0
0
0
0
0
0
0
0
0
0
0
0
0
0
0
0
0
0
0
0
0
0
0
0
0
0
0
0
0
0
0
0
0
0
0
0
0
0
0
0
0
0
0
0
0
0
0
0
0
0
0
0
0
0
0
0
0
0
0
0
0
0
0
0
0
0
0
0
0
0
0
0
0
0
0
0
0
0
0
0
0
0
0
0
0
0
0
0
0
0
0
0
0
0
0
0
0
0
0
0
0
0
0
0
0
0
0
0
0
0
0
0
0
0
0
0
0
0
0
0
0
0
0
0
0
0
0
0
0
0
0
0
0
0
0
0
0
0
0
0
0
0
0
0
0
0
0
0
0
0
0
0
0
0
0
0
0
0
0
0
0
0
0
0
0
0
0
0
0
0
0
0
0
0
0
0
0
0
