-1.8307e-12
-1.5572e-07
-4.2126e-06
-1.1392e-05
-1.0389e-05
-9.6509e-06
-1.0769e-05
-9.986e-06
-1.021e-05
-1.1071e-05
-1.0963e-05
-1.2842e-05
-1.2042e-05
-1.327e-05
-1.4777e-05
-1.4703e-05
-1.5491e-05
-1.0709e-05
-9.4044e-06
-3.4159e-07
-9.8362e-06
-1.7707e-05
-1.3136e-05
-6.5497e-06
-1.2375e-05
-4.6517e-05
-4.9967e-05
-5.9616e-05
-5.0314e-05
-2.3667e-05
-1.0612e-05
-1.4291e-05
-4.3552e-05
-3.5256e-05
-3.0272e-06
-5.2579e-06
-4.8774e-05
-3.442e-05
-1.9177e-05
-3.4159e-05
8.6269e-06
-2.4852e-05
-2.9768e-05
-2.9505e-05
-7.4198e-05
-6.3884e-05
-5.3086e-06
1.6439e-05
-2.3794e-06
-6.092e-05
-0.00014756
-0.00012661
-0.00016424
-0.00016932
-8.8406e-06
6.9481e-06
-1.6177e-05
-3.7461e-05
-4.4241e-06
3.8631e-05
3.5773e-05
-3.6263e-05
-6.7214e-05
-6.2631e-05
-3.9217e-05
-2.1892e-05
-0.00013333
-5.8748e-05
2.0833e-05
-0.00013868
-0.00013464
8.4153e-05
1.0816e-05
-0.0001007
-7.0282e-05
-7.7301e-05
-0.00016123
-0.00015373
-7.9151e-05
2.0014e-05
0.00012619
3.703e-05
-8.9184e-05
-3.5852e-05
-1.8921e-05
-2.6339e-05
-0.00010166
-6.1117e-05
5.789e-05
-8.7518e-06
2.0441e-05
3.0221e-05
-5.0649e-05
-1.8558e-05
7.2873e-05
9.5911e-05
-1.0987e-05
-8.8577e-05
-1.447e-05
-9.5278e-06
-0.00016088
-0.0002427
-0.00023166
-0.00018636
-0.00010386
-7.5304e-05
-4.1976e-05
-2.944e-05
-3.9817e-05
-5.885e-05
0.00016544
9.855e-07
-4.7851e-05
-1.8943e-05
-6.3853e-05
3.5475e-05
-4.1972e-06
4.0795e-05
-9.3015e-05
-7.9906e-05
-2.2757e-06
0.0001169
9.9497e-05
-1.463e-05
7.5317e-05
-0.00016684
-0.00027679
-0.00020544
-0.00016009
4.5575e-05
8.1736e-05
-8.7345e-06
-5.7504e-05
0.000238
0.00017459
-0.0001094
2.2919e-05
0.00014704
0.00014998
-5.0056e-06
7.0467e-05
7.9286e-05
0.00011671
0.00019122
0.00014117
0.00018966
0.00010522
4.1526e-05
7.0808e-05
6.0136e-05
-0.00015455
-0.00016009
-0.00015679
-8.1933e-05
0.00016877
4.9802e-05
-4.6266e-05
-0.00010294
4.6501e-05
8.7348e-05
-2.2889e-05
2.5888e-05
9.8036e-05
-9.1921e-06
-0.00011471
-2.3024e-05
3.9248e-05
-7.8772e-05
7.2982e-05
1.8248e-05
-5.9222e-05
5.9739e-05
0.00010676
2.2217e-05
-3.9454e-05
9.0805e-05
-1.3223e-05
-0.00020924
-0.00011339
0.00014764
0.00014909
-2.6537e-05
-0.00011988
-0.00015385
7.1122e-05
4.0036e-05
1.209e-05
4.5468e-05
4.5875e-06
7.634e-05
9.9658e-05
2.0699e-05
7.4868e-06
0.00022095
0.00011654
8.1224e-05
3.4161e-05
1.3359e-05
-5.5009e-05
5.327e-05
-6.2631e-05
-0.00014922
-0.00011858
0.00010421
1.3316e-05
-0.00021477
3.3464e-05
-4.3367e-06
4.5199e-05
0.00011336
5.4827e-05
4.5855e-05
0.00014642
1.8273e-05
4.0597e-05
0.00015037
1.7707e-05
0.00013043
4.8005e-05
-0.00016721
0.00024157
0.00021055
-0.00040002
5.5888e-05
0.00018882
-0.00039242
-0.00038437
-3.0309e-05
-0.00017621
-0.00035192
-9.392e-06
0.00033951
0.00015319
-4.2068e-05
3.9211e-05
0.00018531
-0.00047126
1.9546e-06
0.00054582
-0.00029029
-7.6608e-05
0.00059524
-0.00036825
-0.00034478
0.0004909
7.0413e-05
-0.00043357
-7.0388e-05
0.00025448
0.00021568
-0.00044445
-0.00048611
0.00017123
-2.9606e-05
0.00010043
0.00083944
-8.6846e-05
-0.0005068
0.00032277
-0.00060383
-0.00067588
6.8051e-05
-1.8335e-05
0.00027967
-0.00024285
-0.00031014
-0.00025622
0.00021959
0.001464
0.00011576
-0.00076218
0.00048238
0.00028835
-0.001343
-0.00073959
-0.00021658
-0.00022258
0.00019865
0.00036317
-0.00028122
-0.00023095
0.00061984
0.0021983
0.0018095
0.00027629
-0.00072494
-0.00078303
-0.00098195
-0.0010524
-0.00074268
0.00011915
0.00067384
0.00088796
9.0995e-05
-0.0010249
0.0013687
0.0022664
-0.00060999
-0.0026115
-0.0020679
0.00015465
0.001442
-9.2569e-05
0.00029655
0.0032152
0.0039733
-0.00036337
-0.0012649
0.00064657
-0.0014641
-0.0028162
-0.0031952
-0.00044062
0.0029504
-0.00026789
-0.0015322
0.00074668
0.0021821
0.0039882
-0.0015278
-0.0062261
9.2163e-05
0.002562
-0.0013025
-0.00079357
0.0037368
0.0054218
0.00095171
-0.0026659
-2.8e-05
0.001883
0.0004585
-0.0011126
-0.0019461
0.00030737
0.0012628
-0.0033181
-0.0046309
0.003335
0.0055598
-0.00091858
-0.0019332
0.00082859
-0.00039893
-0.00068133
-0.0034015
-0.0054429
0.0012003
0.0031155
-0.00018655
0.0016528
0.0059437
0.0077435
0.0021983
-0.0032773
-0.00076651
-0.0011446
-0.0039104
-0.0022975
-0.0022693
0.00052835
0.001157
-0.0032216
-0.0026702
0.00057515
0.0029392
0.0029676
0.0031461
0.0031759
0.001152
-0.0024753
-0.0034366
-0.00043694
0.0018408
-0.0007863
-0.0011555
0.0016931
0.002327
0.00041034
-0.0014985
-0.0030941
-0.0012989
0.00082071
-0.0027671
-0.002433
0.0024683
0.0039319
0.00087698
9.4877e-05
0.00088342
-0.00069623
-0.0019452
-0.0018325
-0.0059815
-0.0051647
0.00071114
0.0027289
0.0037467
0.0032729
5.9948e-05
-0.00047267
-0.00041456
0.00058112
0.0029218
-0.0015192
-0.0076448
-0.0066408
-0.0015106
0.0050632
0.0074948
0.002938
-0.00080852
0.00020271
-0.00064279
-0.0038769
-0.0025014
0.0015906
0.0047677
-0.0024465
-0.0090466
-0.0032391
0.0052346
0.0073928
0.0031714
-0.0020465
-0.0027321
-0.0014817
-0.0023961
6.2941e-06
0.0021837
-0.00073715
-0.00053048
-0.0013264
-0.0008865
0.0039591
0.0038268
0.002982
0.0041026
-0.0017007
-0.0051347
0.00058802
6.9697e-06
-0.004191
-0.0037508
-0.0023861
0.0019653
0.0069034
0.002776
-0.0026421
-0.00052344
0.0010128
0.001655
0.00055231
-0.00041248
0.00045896
0.0013096
0.0016242
0.0044232
0.0015884
-0.00064073
0.0031064
0.0031153
-0.0032234
-0.0055002
-0.0038501
0.0020223
0.0048268
0.0026799
-0.00036932
-0.0024096
-0.0027704
-0.0016733
-0.0030309
-0.0054176
0.0017265
0.0091893
0.00028944
-0.0054276
-0.0019017
-0.0038358
-0.00039701
0.0025212
-0.00035728
0.0082119
0.0090639
0.0016666
0.002989
-0.00057187
-0.0053043
-0.0032219
-0.0030671
0.00097281
0.0034446
-0.0029487
-0.0021123
-0.0024594
-0.0063941
-0.0051659
-0.0016452
-0.0016017
0.0050159
0.0069716
0.0035629
0.0044638
0.0017006
-0.00038036
0.0034195
-0.00075562
-0.0023911
0.0047291
0.0011366
-0.0042373
-0.0086552
-0.0070681
0.0045053
0.0072596
0.0008008
-0.0018973
-0.0017011
-0.001648
0.0027086
0.0076688
0.0030196
0.0016103
0.0074758
0.00078447
-0.010299
-0.0094076
-0.0050238
-0.0027337
-0.0063844
0.0022497
0.0056402
5.1907e-05
0.0054534
-0.00029718
-0.010749
0.0039028
0.014394
0.0015692
0.0052272
0.016992
0.010513
-0.0034566
-0.014559
-0.0089163
0.0036886
-0.0090255
-0.013999
0.006182
0.010974
0.005007
-5.7025e-05
0.0043502
0.017075
0.0081635
-0.012252
-0.011661
-0.0057323
-0.00040607
0.0069274
-0.0042465
-0.0062897
0.0099143
0.012343
-0.012945
-0.018671
0.0042643
-0.0022189
-0.014533
-0.0074945
0.011992
0.020697
-0.0071375
-0.012282
0.011526
0.0077271
0.0039648
0.00043625
-0.0056891
-0.0012044
-0.0034511
-0.013894
-0.0027123
0.02558
0.022733
-0.006359
-0.025956
-0.010457
0.0029028
-0.015075
-0.012753
0.0011472
-0.0020971
0.0040328
0.020857
0.010095
-0.0086383
-0.0018104
-0.011796
-0.016995
-0.0062411
-0.00074384
0.00041946
-0.0054492
0.018512
0.030425
0.0054438
-0.017196
-0.0037994
0.0055254
-0.026871
-0.038077
-0.0094117
0.0053953
0.015122
0.015645
0.0043625
-0.0024164
0.0063052
0.021489
-0.010112
-0.027853
0.0011213
0.0070495
-0.018886
-0.016893
0.025741
0.030048
0.0017212
-0.0083626
0.017242
0.029132
-0.0080797
-0.012097
-0.0001499
0.0030908
-0.02339
-0.020027
-0.0016246
0.017153
0.028464
0.0021154
-0.016573
-0.017053
-0.012897
0.014593
0.015706
-0.013893
-0.0145
-0.017185
0.0019714
0.027139
0.012411
0.01295
0.037094
0.072283
0.038026
-0.045802
-0.035227
0.0071808
0.0019328
-0.016031
-0.050797
-0.045895
0.039402
0.053875
-0.0087746
-0.0044877
0.012149
-0.028792
-0.048753
0.0052133
0.042744
0.02802
0.042111
0.074903
0.051537
-0.0034791
-0.0085361
-0.017161
-0.036629
-0.061395
-0.054312
-0.030867
-0.020682
0.014256
0.03666
0.028674
0.0093295
0.011435
0.0079409
-0.0090261
0.037165
0.045306
-0.015955
-0.021128
0.034141
0.0095145
-0.050158
-0.029029
0.00046258
0.044779
0.0055481
-0.036904
-0.018278
-0.035924
-0.016907
0.012603
0.018744
0.021336
-0.017597
-0.019602
0.033175
0.033911
0.022161
-0.0046405
-0.0071665
0.0096333
-0.011717
-0.036939
-0.029404
-0.0024553
0.018447
0.015146
-0.030175
-0.042708
0.006573
0.045939
0.026708
-0.029306
-0.024763
-0.026975
-0.057082
-0.016543
-0.013644
-0.027091
0.072945
0.12477
0.043196
-0.01577
-0.036333
0.015669
-0.0027478
-0.0394
-0.062027
-0.041039
0.01065
0.044209
0.031019
-0.012553
-0.00069774
-0.028677
-0.064235
-0.011623
0.027625
0.011496
-0.0438
-0.035928
0.020883
0.034976
-0.00072043
-0.021237
-0.022256
-0.0064989
-0.018977
-0.033801
0.014003
0.039381
0.0016413
-0.025049
0.020237
0.022348
0.0061693
-0.0076865
-0.01167
0.028774
0.02645
0.0172
-0.0047101
-0.091259
-0.046341
0.029733
-0.0009514
-0.010149
0.0086328
0.018252
0.036108
0.033249
0.038321
0.021358
-0.035946
-0.052269
-0.035018
-0.027166
0.00064305
-0.014619
-0.047482
-0.02177
0.024419
0.056442
0.028396
-0.020598
-0.019518
-0.0093156
0.0025266
0.028332
0.052456
0.019815
-0.02475
-0.01281
0.032071
0.026004
-0.0033083
0.0098682
-0.010546
-0.041663
-0.043651
-0.02929
-0.00078148
0.0066426
0.012752
0.013051
0.017793
0.035359
0.025486
0.00073047
0.027313
0.057365
0.017656
-0.029891
-0.044754
-0.0258
0.016677
0.028992
0.0094061
0.0019316
-0.032834
-0.028632
0.019641
0.01136
-0.0090811
-0.0075229
-0.0041566
-0.0033191
0.0017717
0.0064536
-0.0011602
0.0017912
-0.016373
0.0026778
0.02631
0.0030224
-0.024928
-0.014671
-0.0050068
-0.016174
-0.021306
-0.033173
-0.012298
-0.0019983
5.9596e-05
0.0055222
-0.029936
-0.037735
0.010721
0.007869
-0.035233
-0.023636
0.020248
0.060371
0.037088
-0.011069
0.02773
0.040982
-0.0098046
-0.021092
0.0024147
0.015258
-0.012339
-0.041895
-0.072393
-0.070728
-0.033005
-0.030563
-0.036819
-0.022486
-0.0067168
0.014946
0.01359
0.013262
0.044491
0.04876
0.028688
0.0030119
-0.045037
-0.069317
-0.041835
-0.04067
-0.048496
-0.015134
0.044658
0.065919
0.040291
0.0087344
-0.012158
-0.020211
-0.0012331
0.019933
0.011737
-0.022617
-0.0098341
0.018655
0.012644
-0.0040157
6.0827e-05
0.027672
0.032175
0.035816
0.053014
0.027165
0.055386
0.0934
0.035779
0.0042916
0.034935
0.061774
0.05925
0.046842
0.068826
0.086155
0.037614
0.013846
0.0079256
-0.063276
-0.093892
-0.083637
-0.093566
-0.091301
-0.056133
-0.028814
-0.037796
-0.059287
-0.026382
0.022326
0.002506
-0.053744
-0.070866
-0.03433
0.019868
0.066523
0.062674
0.026187
0.025021
0.0084669
-0.031046
0.0015791
0.06726
0.088748
0.055094
0.011023
0.030143
0.035667
-0.069715
-0.15156
-0.086362
0.042442
0.11354
0.11482
0.08407
0.050769
0.08385
0.055585
-0.06013
-0.087748
-0.053451
0.0036614
0.0035299
0.004052
0.1062
0.18256
0.11471
0.020519
-0.014291
-0.066924
-0.039999
0.019888
0.043449
0.041122
-0.051201
-0.18644
-0.1913
-0.084009
0.014555
0.033597
-0.12505
-0.36714
-0.40131
-0.19532
0.12192
0.38064
0.39524
0.22878
0.05907
0.014279
0.15413
0.25679
0.13884
-0.072636
-0.18494
-0.15818
0.020027
0.11073
0.025288
-0.0082165
0.0024216
-0.009371
-0.037367
-0.013832
0.079518
-0.0146
-0.19512
-0.13358
0.020783
0.023563
-0.12299
-0.22462
-0.056463
0.14946
0.22753
0.10533
-0.11337
-0.10666
0.0021258
0.04565
0.12187
0.072105
-0.12366
-0.22724
-0.20309
-0.12028
-0.14336
-0.1606
-0.060191
0.0050989
-0.0086707
0.076733
0.32843
0.36624
0.18039
0.065104
0.090701
0.33529
0.48646
0.30821
0.081066
-0.0022803
0.037199
0.15077
0.26078
0.20208
0.046074
-0.061573
-0.094469
-0.021931
-0.084283
-0.176
-0.033084
0.14457
0.059068
-0.16423
-0.35925
-0.46349
-0.45568
-0.41666
-0.38321
-0.24368
-0.087143
-0.02316
-0.051571
-0.09399
-0.18767
-0.23626
-0.20514
-0.11462
0.10093
0.16587
0.14164
0.17148
0.032751
-0.062466
-0.085023
-0.080898
-0.011465
0.053995
0.045033
0.019987
0.012198
0.0032493
0.013615
0.064619
0.097361
0.074907
-0.0025556
-0.030388
-0.009921
-0.0081202
-0.014212
-0.0067186
-0.025893
-0.029805
-0.02196
0.01178
0.06823
0.081021
0.027838
-0.018816
0.030042
0.084977
0.061752
0.023299
0.044005
0.13228
0.18182
0.13643
0.087176
0.11859
0.16487
0.15986
0.076627
-0.029498
-0.020872
0.077671
0.092846
0.036866
0.010566
0.022388
0.066589
0.065966
-0.023793
-0.090685
-0.073174
-0.043967
-0.092032
-0.092169
0.0084691
0.10723
0.16935
0.16006
0.12488
0.077748
-0.0025661
-0.065177
-0.05033
-0.021856
-0.060801
-0.15169
-0.24271
-0.26306
-0.19039
-0.10296
-0.060236
-0.045638
-0.03054
-0.020518
-0.029254
-0.014275
0.050774
0.085807
0.015354
-0.095816
-0.13944
-0.096161
-0.087887
-0.13818
-0.12345
-0.045578
0.01459
-0.004423
-0.020408
0.03166
0.047211
0.01731
-0.045894
-0.13808
-0.13378
-0.015284
0.09555
0.12656
0.087685
0.022313
0.021564
0.044776
4.1598e-05
-0.069033
-0.076954
-0.052802
-0.031993
-0.01848
-0.093541
-0.11451
0.03978
0.12738
0.059322
0.024252
0.038506
0.028279
-0.029223
-0.10292
-0.12421
-0.11543
-0.094771
-0.0087669
0.10824
0.11096
0.054432
0.027105
-0.013931
-0.049087
-0.063715
-0.013282
0.13838
0.21757
0.11621
0.058414
0.078969
0.071056
0.061199
0.069919
0.045793
0.061336
0.10423
0.055035
-0.020932
-0.0032236
0.1059
0.17549
0.11757
0.035849
0.0098215
-0.0078532
-0.037965
-0.065674
-0.023023
0.0055022
-0.029767
-0.054488
-0.039801
-0.029862
-0.015895
0.0080447
0.02629
0.024287
0.031638
0.090703
0.10527
0.040278
-0.005828
-0.0019296
0.036207
0.062787
0.050077
0.017483
-0.015259
-0.013841
0.015892
0.015541
-0.0038062
0.0074716
0.017613
0.02396
0.070519
0.072344
-0.0056193
-0.019407
0.039083
0.037768
-0.0014658
-0.023665
-0.019982
-0.020779
-0.0099532
0.032543
0.025312
-0.02549
-0.038967
-0.030063
-0.062262
-0.055525
0.0015384
0.015576
-0.013892
-0.042307
-0.046522
-0.048563
-0.020574
0.030404
0.044716
0.011032
-0.045978
-0.092089
-0.086145
-0.043125
0.00068543
0.034888
0.040082
0.017745
0.019485
0.058991
0.070164
0.022429
-0.026511
-0.038724
-0.022181
-0.013966
-0.029304
-0.033707
-0.033489
-0.051114
-0.086119
-0.11523
-0.089459
-0.040603
-0.0058249
0.0057742
-0.006678
-0.0029351
0.027447
0.036526
0.023868
0.014499
-0.0088017
-0.018189
-0.00089503
0.021234
0.031788
0.013784
-0.01872
-0.036428
-0.015497
-0.00075956
-0.0039081
0.01144
0.028401
0.027379
0.005632
-0.028294
-0.03196
-0.0083423
-0.020721
-0.050765
-0.061617
-0.047756
-0.026656
-0.012692
-0.019049
-0.042103
-0.051765
-0.061293
-0.067392
-0.06423
-0.054277
-0.047898
-0.059118
-0.065797
-0.046006
-0.018411
0.010547
0.033528
0.014641
-0.0067041
0.023262
0.064599
0.081437
0.061748
0.027092
0.023167
0.017445
-0.022089
-0.040738
-0.027527
-0.026663
-0.033176
-0.031298
-0.032361
-0.040028
-0.039618
-0.030484
-0.0096091
0.015963
0.034583
0.054481
0.057502
0.049671
0.032376
0.024623
0.04889
0.054905
0.023435
0.0047578
0.021192
0.028554
0.014935
-0.0069828
-0.021486
-0.01748
-0.031229
-0.065076
-0.072222
-0.059266
-0.045773
-0.036874
-0.041245
-0.058542
-0.06565
-0.052584
-0.031937
-0.019781
-0.012804
0.0094678
0.028886
0.028378
0.021344
0.017377
0.012487
0.019658
0.037837
0.052352
0.058766
0.053609
0.037053
0.0096976
-0.014602
-0.016462
0.0010393
0.020133
0.035765
0.045272
0.041902
0.031496
0.033904
0.041196
0.037899
0.030297
0.026329
0.040029
0.061766
0.065391
0.044609
0.030515
0.037833
0.055464
0.07294
0.070776
0.05429
0.04531
0.037835
0.018086
0.0087553
0.009893
-0.0020387
-0.013417
-0.012652
-0.010942
-0.015952
-0.01788
-0.013133
-0.010256
-0.012223
-0.015893
-0.018114
-0.020654
-0.025548
-0.0264
-0.015027
-0.0080774
-0.013233
-0.029963
-0.04669
-0.049917
-0.055491
-0.052477
-0.02922
-0.001411
0.01944
0.02439
0.027211
0.043259
0.046121
0.032447
0.022908
0.021589
0.026247
0.032717
0.029418
0.016366
0.0074472
0.0043399
0.015728
0.0389
0.053646
0.050744
0.0404
0.044825
0.055456
0.050482
0.029746
0.0024259
-0.018092
-0.01587
-0.0022284
-0.0018055
-0.016985
-0.020506
-0.0095942
-0.0031434
-0.0093323
-0.01771
-0.0029519
0.01186
-0.0082946
-0.024798
-0.014061
-0.00062969
0.0068051
0.011137
0.0184
0.026282
0.027117
0.022303
0.018246
0.022787
0.017011
-0.0071349
-0.034805
-0.058176
-0.061716
-0.040644
-0.014565
-0.0080395
-0.0071512
0.00011724
0.0044861
0.007098
0.0064416
0.0035025
0.0017496
-0.0052554
-0.011308
-0.010301
-0.018039
-0.033902
-0.044473
-0.039401
-0.02888
-0.033051
-0.042918
-0.031424
-0.016546
-0.018958
-0.019257
-0.019783
-0.02137
-0.019478
-0.020459
-0.021603
-0.020584
-0.02122
-0.016739
-0.0067129
-0.0049589
0.00092012
0.01512
0.015218
0.0023854
-0.00021398
0.0057853
-0.00095595
-0.010144
-0.0061007
-0.0033246
-0.0089817
-0.0089476
-0.0078208
-0.016273
-0.022576
-0.025172
-0.030487
-0.030653
-0.019832
-0.0082109
-0.0032391
-0.0075311
-0.023151
-0.036053
-0.038131
-0.032894
-0.023513
-0.014665
-0.013659
-0.01365
-0.0085827
-0.0036796
-0.0024162
-0.0025471
0.0056986
0.013498
0.0097271
0.0036311
0.002308
0.0078748
0.018283
0.019975
0.015307
0.02065
0.025593
0.021118
0.016795
0.015527
0.018789
0.017093
0.0010093
-0.012267
-0.010745
-0.007359
-0.0051551
-0.0041472
0.00067244
0.005175
-0.0029749
-0.0033847
0.0070279
0.0085431
0.012639
0.018719
0.013725
0.0096675
0.01067
0.008055
0.0038671
0.0020287
0.0038162
0.01235
0.017689
0.016111
0.016174
0.01444
0.0085424
0.0048399
0.0041973
0.0052146
0.0086269
0.0071924
-0.0036124
-0.010976
-0.0074473
-0.0038265
-0.0036902
0.00015024
0.0099324
0.020165
0.012493
-0.0026781
0.00039831
0.0043312
-0.0004179
0.0026165
0.0062215
0.0048985
0.0036287
0.0017302
0.0077805
0.011922
0.0056812
0.0039951
0.0051151
-0.00027753
-0.001471
0.01065
0.016622
0.0076095
0.0015422
0.0029924
-0.0025752
-0.012752
-0.019731
-0.015711
0.0011537
0.0099129
0.010818
0.014654
0.013061
0.0072265
0.00093778
-0.0052928
-0.0044025
0.00064383
-0.00074814
-0.0083882
-0.016763
-0.019154
-0.014453
-0.010014
-0.010764
-0.014098
-0.00966
-7.5149e-06
0.0023349
-0.0013165
-0.00164
-0.00021047
0.0074759
0.012176
0.0089286
0.0027
-0.0072132
-0.013521
-0.012608
-0.018011
-0.026676
-0.021598
-0.0079616
0.0015067
0.0020959
-0.0023465
-0.0044748
0.00022141
0.0080022
0.012824
0.012228
0.0033191
-0.0030485
0.00023618
0.00409
0.013824
0.0151
0.0068266
0.0098165
0.020516
0.025898
0.019283
0.0063019
0.0015898
0.007275
0.011684
0.011113
0.0094422
0.0095168
0.011803
0.011555
0.0040385
-0.0064458
-0.015127
-0.01948
-0.020471
-0.01843
-0.011768
-0.0029546
0.00031969
-0.0027776
-0.004738
-0.0057269
-0.0084734
-0.013447
-0.018043
-0.020755
-0.016006
-0.0065172
-0.0048288
-0.0084208
-0.0091696
-0.0031028
0.0033454
0.0010063
-0.00049922
0.00040465
0.00012816
0.0029141
0.0073159
0.009595
0.010358
0.017578
0.030191
0.032251
0.023639
0.021404
0.024213
0.019802
0.016872
0.01674
0.011912
0.0071209
0.0015567
-0.0052056
-0.010755
-0.017361
-0.020881
-0.023078
-0.026739
-0.021046
-0.0063092
0.0016602
0.0013328
-0.0011141
0.0046471
0.019584
0.023294
0.018005
0.018015
0.01384
0.0069179
0.0014977
-0.0032709
-0.0028867
-0.0029506
-0.0059575
-0.0041893
0.0015755
0.011215
0.02047
0.019907
0.018887
0.018094
0.0087656
0.0026465
0.0038618
0.0030329
-0.00074675
-0.0042497
-0.0046385
-0.0068675
-0.011635
-0.010644
-0.0063439
-0.0052479
-0.010259
-0.020912
-0.023411
-0.01962
-0.020649
-0.020066
-0.015275
-0.0084362
-0.0025598
-0.0025989
-0.004214
0.00058117
0.0083191
0.011939
0.0089388
0.0038721
0.0021145
0.0032239
0.0032905
-0.0025282
-0.010198
-0.010842
-0.010178
-0.01609
-0.02225
-0.021263
-0.016229
-0.011527
-0.0055636
0.0018639
0.0066897
0.0051377
-0.0036079
-0.011658
-0.013106
-0.010197
-0.0060283
-0.0033279
-0.0014004
9.5876e-05
0.0043959
0.007386
0.0062397
0.0064568
0.0046407
0.0036935
0.0060297
0.00594
0.0077611
0.016703
0.024116
0.023597
0.019555
0.017995
0.016411
0.01154
0.0078272
0.0034602
-0.0027667
-0.0050761
-0.0087598
-0.012833
-0.013374
-0.013343
-0.010889
-0.013511
-0.025003
-0.028403
-0.023149
-0.021711
-0.021657
-0.01888
-0.015915
-0.01205
-0.0081385
-0.0025975
0.0015399
-0.00046213
-0.0009352
0.0011774
2.2792e-05
-0.0007857
0.0017039
0.0021598
-0.00017392
-0.0015701
-8.8506e-05
0.0017607
0.0015957
-0.00096492
-0.0015543
9.7182e-05
-0.003113
-0.0092451
-0.012953
-0.013692
-0.0084171
-0.0012116
0.00014306
-0.0033239
-0.0043749
-0.0028947
-0.0029658
-0.0048799
-0.0077002
-0.0066773
-0.002488
-0.002318
-0.0069462
-0.011948
-0.011878
-0.0061755
-0.0019935
-0.00066576
2.9336e-05
0.00038093
0.0028806
0.0079104
0.010469
0.010384
0.011727
0.012959
0.015425
0.019559
0.022343
0.02073
0.017161
0.016969
0.016098
0.016133
0.016888
0.016267
0.016626
0.015953
0.013649
0.0097474
0.0055324
0.009746
0.015883
0.016682
0.015242
0.012868
0.013517
0.016187
0.013369
0.0079195
0.0049609
0.0031671
-0.00038407
-0.0070731
-0.0074819
-0.0043313
-0.0039862
-0.0047298
-0.0053549
-0.0028926
-0.00059048
-0.0023938
-0.0037656
-0.0046617
-0.0062435
-0.0070798
-0.0077893
-0.0094222
-0.010027
-0.0085341
-0.0064274
-0.0058352
-0.0068512
-0.0065011
-0.0058145
-0.0073355
-0.0078055
-0.0072187
-0.0065198
-0.0039904
-0.001189
0.0014703
0.00085307
-0.000842
-8.9386e-05
-0.00012347
-0.00038475
0.0028078
0.0042004
0.0017713
0.0030082
0.0072467
0.010665
0.0094678
0.005164
0.0060339
0.0066904
0.0040085
0.0025971
0.0025803
0.005392
0.0056141
0.0023993
0.0014895
0.0017791
0.00056442
-0.0010908
-0.0027385
-0.0028559
0.00015487
0.0056937
0.0047077
-0.0011895
0.0010736
0.0053798
0.0028559
0.0021541
0.0047983
0.0051922
0.0041192
0.00052556
-0.0024412
-0.0015526
-0.0024822
0.00078043
0.0055476
0.0033485
0.0016109
0.0024388
0.0036052
0.0024688
0.0029375
0.006558
0.0063376
0.0059306
0.0078512
0.0075969
0.0047396
-0.0017366
-0.0074035
-0.005114
-0.00064154
0.001165
-0.00065229
-0.0050337
-0.0057956
-0.004182
-0.004195
-0.0036052
-0.0033766
-0.0022222
-0.00011875
-0.0023702
-0.0051575
-0.005603
-0.0069114
-0.0070159
-0.006383
-0.0043962
-0.0022115
-0.0029601
-0.0040545
-0.0033369
-0.0016087
0.00023183
0.000457
0.00060992
0.0018676
0.0012599
-0.0011987
-0.0040299
-0.0054198
-0.0044358
-0.0045052
-0.0061764
-0.0064618
-0.0055286
-0.0048937
-0.0062262
-0.0079298
-0.0082597
-0.008245
-0.0085441
-0.0078827
-0.006608
-0.0053301
-0.0042894
-0.0035424
-0.0027926
-0.0025706
-0.002559
-0.0020939
-0.0016543
-0.0012278
-0.00098341
-0.0015598
-0.0020315
-0.0020114
-0.0018827
-0.0021867
-0.0020351
-0.0011158
-2.5714e-05
0.00071923
0.0011129
0.0016137
0.0020968
0.0020153
0.0017789
0.0013814
0.0010738
0.0012798
0.0013386
0.00113
0.0013561
0.0016062
0.0017392
0.0016608
0.0013244
0.0010857
0.0010046
0.0011801
0.0012817
0.0012526
0.001362
0.0014935
0.0015474
0.0016018
0.0015675
0.0015654
0.0015951
0.0016026
0.0016257
0.0015419
0.0014512
0.0014123
0.0013686
0.001317
0.0012776
0.0012689
0.0012168
0.0011367
0.0010978
0.0010612
0.0010363
0.0010325
0.0010123
0.00097042
0.00092335
0.00088192
0.00084046
0.00079762
0.00075805
0.000719
0.00068025
0.00064088
0.0006017
0.00056316
0.00052206
0.000482
0.00044462
0.00040775
0.00037075
0.00033426
0.00029839
0.0002628
0.00022758
0.00019278
0.00015843
0.00012452
0
0
0
0
0
0
0
0
0
0
0
0
0
0
0
0
0
0
0
0
0
0
0
0
0
0
0
0
0
0
0
0
0
0
0
0
0
0
0
0
0
0
0
0
0
0
0
0
0
0
0
0
0
0
0
0
0
0
0
0
0
0
0
0
0
0
0
0
0
0
0
0
0
0
0
0
0
0
0
0
0
0
0
0
0
0
0
0
0
0
0
0
0
0
0
0
0
0
0
0
0
0
0
0
0
0
0
0
0
0
0
0
0
0
0
0
0
0
0
0
0
0
0
0
0
0
0
0
0
0
0
0
0
0
0
0
0
0
0
0
0
0
0
0
0
0
0
0
0
0
0
0
0
0
0
0
0
0
0
0
0
0
0
0
0
0
0
0
0
0
0
0
0
0
0
0
0
0
0
0
0
0
0
0
0
0
0
0
0
0
0
0
0
0
0
0
0
0
0
0
0
0
0
0
0
0
0
0
0
0
0
0
0
0
0
0
0
0
0
0
0
0
0
0
0
0
0
0
0
0
0
0
0
0
0
0
0
0
0
0
0
0
0
0
0
0
0
0
0
0
0
0
0
0
0
0
0
0
0
0
0
0
0
0
0
0
0
0
0
0
0
0
0
0
0
0
0
0
0
0
0
0
0
0
0
0
0
0
0
0
0
0
0
0
0
0
0
0
0
0
0
0
0
0
0
0
0
0
0
0
0
0
0
0
0
0
0
0
0
0
0
0
0
0
0
0
0
0
0
0
0
0
0
0
0
0
0
0
0
0
0
0
0
0
0
0
0
0
0
0
0
0
0
0
0
0
0
0
0
0
0
0
0
0
0
0
0
0
0
0
0
0
0
0
0
0
0
0
0
0
0
0
0
0
0
0
0
0
0
0
0
0
0
0
0
0
0
0
0
0
0
0
0
0
0
0
0
0
0
0
0
0
0
0
0
0
0
0
0
0
0
0
0
0
0
0
0
0
0
0
0
0
0
0
0
0
0
0
0
0
0
0
0
0
0
0
0
0
0
0
0
0
0
0
0
0
0
0
0
0
0
0
0
0
0
0
0
0
0
0
0
0
0
0
0
0
0
0
0
0
0
0
0
0
0
0
0
0
0
0
0
0
0
0
0
0
0
0
0
0
