3.6023e-11
3.086e-06
8.3874e-05
0.00022623
0.0002039
0.00018735
0.00020268
0.00018863
0.00019072
0.00018821
0.00018401
0.00018316
0.00017969
0.00017747
0.00017506
0.00017236
0.00017002
0.00016745
0.000165
0.00016257
0.00016011
0.0001577
0.00015526
0.00015296
0.00015059
0.00014827
0.00014605
0.00014388
0.00014164
0.00013936
0.00013744
0.00013543
0.00013306
0.00013103
0.00012948
0.00012728
0.00012575
0.00012445
0.00012223
0.00012067
0.00011882
0.00011759
0.00011619
0.00011453
0.0001128
0.00011095
0.00011097
0.00010954
0.00010675
0.00010603
0.00010557
0.0001052
0.00010336
0.00010229
0.00010122
0.00010206
0.00010313
0.00010074
0.00010043
9.7839e-05
9.2378e-05
9.5297e-05
9.8681e-05
0.00010133
9.7362e-05
8.988e-05
9.8151e-05
9.8504e-05
9.3565e-05
9.3649e-05
9.7531e-05
0.00010048
9.6395e-05
9.641e-05
9.9308e-05
9.7817e-05
0.0001009
9.9844e-05
9.7673e-05
9.4958e-05
9.2053e-05
9.9117e-05
0.0001063
0.00010327
0.00010158
0.00011113
0.00010921
9.715e-05
0.0001006
0.00010727
0.00010239
0.00010095
0.00010018
9.9916e-05
0.00010403
0.00010017
0.00011324
0.00010451
7.4752e-05
9.6841e-05
0.0001193
0.00010393
9.2632e-05
0.00010132
0.00010228
9.3963e-05
9.6847e-05
0.00010346
9.1004e-05
9.0747e-05
9.6359e-05
0.00010331
0.0001073
0.00010633
0.0001039
9.2273e-05
0.00010128
9.0256e-05
9.8648e-05
0.00010294
9.1011e-05
0.00010052
9.5959e-05
9.434e-05
8.845e-05
8.4744e-05
0.00010489
0.00010435
9.9068e-05
8.8398e-05
8.5831e-05
8.0436e-05
6.6633e-05
7.6538e-05
7.967e-05
7.7209e-05
7.8513e-05
7.659e-05
8.7475e-05
8.2695e-05
6.488e-05
6.6885e-05
7.1325e-05
6.9538e-05
6.3046e-05
5.6844e-05
5.8439e-05
6.9134e-05
7.6068e-05
6.464e-05
7.4553e-05
7.107e-05
6.6233e-05
5.7591e-05
5.2972e-05
6.2075e-05
5.6242e-05
5.5488e-05
6.602e-05
5.8744e-05
5.0717e-05
4.8677e-05
5.8474e-05
5.7945e-05
6.3833e-05
5.8287e-05
4.731e-05
4.9726e-05
5.7651e-05
5.7982e-05
4.0983e-05
3.3693e-05
4.8688e-05
5.1551e-05
4.2307e-05
3.984e-05
3.2841e-05
3.1468e-05
3.6729e-05
3.3074e-05
4.0341e-05
4.6086e-05
3.323e-05
3.5071e-05
4.2631e-05
4.1212e-05
3.1786e-05
3.5183e-05
1.361e-05
2.1652e-05
3.2098e-05
2.8034e-05
1.6582e-05
6.7529e-06
2.1988e-05
1.0907e-05
1.3787e-05
3.2602e-05
2.0601e-05
1.6838e-05
2.1159e-05
1.3106e-05
-0.00023405
-0.00078792
-0.00076839
-0.00067825
-0.00074103
-0.00068154
-0.00068338
-0.00067357
-0.000656
-0.00065899
-0.000633
-0.00062811
-0.0006174
-0.00061452
-0.00059966
-0.000601
-0.00056026
-0.00055794
-0.00058514
-0.00057026
-0.00053245
-0.00049711
-0.00045508
-0.00051645
-0.00073685
-0.00053712
-0.00031802
-0.00059611
-0.00046776
0.00019267
-4.4932e-05
-0.00087233
-0.00050841
0.00043781
-8.0461e-05
-0.00018079
0.00077029
0.00055254
-0.0010055
-0.0012945
-0.00014864
0.00020859
7.0441e-05
-0.00072028
-0.0012657
-0.0012623
-0.0011176
-0.0023053
-0.0020577
0.00081599
0.00011826
-0.00095943
-0.00074439
0.0014364
0.00028094
-0.0016265
0.0035268
8.4572e-05
-8.9749e-05
0.0015475
0.0010726
-0.00072654
-0.0044252
0.00031397
-0.0017258
-0.00018357
0.001997
-0.0016547
-0.0003472
-0.00032426
0.00077182
-0.002862
0.0003118
0.00056398
-0.003016
0.0016832
0.0014016
-0.0021508
-0.0011862
0.00090554
0.00087853
-0.00061049
0.0034143
-0.00018635
0.001572
0.001354
-0.0046959
-0.0010139
-0.0027146
0.00029643
0.00023074
-0.0025122
0.00086576
-0.001267
-0.0011937
-0.0011813
-0.00096062
-0.00034174
-0.00022604
0.0037876
0.0056633
0.001636
-0.0020024
0.0012733
-0.00053592
-0.001668
0.0016142
0.00082614
-0.0013533
-0.0024749
-0.0064233
-0.0029826
-0.00031845
0.00039759
-0.00070355
0.0010769
0.0047007
0.0012479
0.0015191
0.0052513
0.0010301
-0.00062124
-0.0041081
-0.003843
0.0040664
-0.0016997
-0.0041377
0.0018933
0.00087401
-0.0070111
-0.0023081
0.0054039
-0.00092878
0.00062672
0.0022075
-0.0027423
0.0041177
-0.0029999
-0.0022447
0.0092881
0.0034425
-0.002418
-0.003289
0.0042631
0.00046859
-0.0056585
0.0011534
0.0020284
-0.0013666
0.00062564
0.0015037
0.0019171
-0.0024361
-0.0038952
0.0022526
-0.0021553
-0.0039552
0.0025251
0.0051939
-0.0017405
-0.0011452
0.0061725
0.0038321
-0.0012496
0.0065087
0.0099796
0.0006503
-0.0031457
0.0014183
-0.008016
-0.0091641
-0.0076517
-0.0067859
0.00068893
-0.0025564
0.00086189
0.0029973
0.0043502
0.0042062
0.0081625
0.012349
0.0016405
0.0049795
0.0079447
-0.0013144
-0.002568
-0.0034089
-0.0048738
-0.0037124
0.0035934
-0.0060666
-0.01052
-0.0034933
-0.0061596
-0.0019173
0.0072495
0.0010113
-0.0024509
0.004996
0.011369
0.0016221
0.0016306
0.0082571
-0.0023696
0.0016518
0.0020494
-0.0052882
-0.0065721
-0.003487
-0.0033788
-0.0025679
0.0050639
-0.0064591
-0.0096024
0.00082616
0.0043674
-0.0039989
-0.0017089
0.0033623
1.7583e-05
0.003194
0.0053952
0.0041903
-0.0031622
0.0035383
0.0083639
-0.00074454
-0.0024017
-0.00088199
-0.00682
-0.014027
-0.0015573
0.0043577
-0.0099692
-0.0094775
-0.003388
-0.0047966
0.0034322
-0.003733
-0.00066426
0.0096085
0.0088678
0.0054868
-0.0064333
0.0038811
0.0022144
-0.007473
0.0016178
0.004301
-0.0029965
-0.0091891
0.0039571
-0.002117
-0.014379
-0.0011778
0.00047437
-0.0010396
0.0019688
0.0072135
-6.3714e-05
-0.012913
0.0020674
0.01043
-0.0039834
-0.0019908
0.0097553
0.0022806
-0.009457
-0.0012268
0.014481
0.0055287
-0.007803
-0.005212
-0.0062125
-0.0061992
-0.0026359
-0.0024515
0.001907
0.0021197
0.00045179
0.0053328
0.0052008
0.011159
0.0031898
0.0055364
0.011787
-0.0038071
-0.006554
0.0098936
-0.011181
-0.014798
0.0016188
-0.0044344
0.0032843
0.010997
0.0038301
0.0025805
-0.016061
-0.0017213
0.030994
0.033768
0.00040411
-0.034062
0.0033418
0.02505
-0.002527
-0.015644
-0.017884
-0.013865
0.013539
-0.0015301
-0.011786
0.021846
0.00099992
-0.014189
0.012722
0.028308
0.0031581
-0.012723
0.0065706
-0.0039253
-0.003435
0.0074787
-0.0065363
-0.014821
-0.005056
0.011835
0.01067
0.019241
0.0090134
-0.027099
-0.02101
0.01581
0.0016481
-0.021419
0.0018802
0.011299
-0.021353
-0.012076
0.011793
-0.01063
-0.011705
0.0042357
0.0094862
0.018993
0.024664
0.0031325
-0.0065732
-0.0056998
-0.010883
0.0040222
-0.012446
-0.018088
-0.010103
-0.027621
-0.00070254
0.013212
-0.0098644
-0.0033094
0.0058021
0.015182
0.0070092
0.00096507
0.018602
0.0062061
0.00015716
-0.010028
-0.011289
0.0022832
-0.0055157
-0.016756
-0.0085025
0.0068975
-0.00032807
-0.0084378
-0.010685
-0.00064245
0.022047
0.019176
0.0041206
0.0045204
-0.0045259
-0.014066
-0.014575
-0.0074362
0.0041495
-0.0029628
-0.020911
-0.024232
-0.011958
-0.0025903
-0.00083875
-0.022924
-0.02652
-0.0029845
0.0041808
-0.009987
0.00062896
0.013354
-0.003826
-0.030454
-0.018179
0.0078973
-0.015884
-0.017113
-0.0037564
0.029516
0.080129
0.024629
-0.021516
0.0021356
-0.015809
-0.029902
-0.030735
0.0055098
0.050789
-0.029321
-0.096003
-0.069701
-0.062985
-0.072205
-0.067182
-0.028038
0.026243
-0.0030632
-0.029034
0.0093568
0.043748
0.041057
0.031975
0.090402
0.077419
-0.014079
-0.014938
0.028539
0.028449
0.032189
0.045772
0.030537
-0.026454
-0.046835
-0.020787
-0.014868
0.010899
0.044947
0.046211
0.035677
0.051956
0.066528
0.058787
0.044006
0.041907
-0.0018684
-0.096399
-0.080767
-0.066366
-0.07835
0.038606
0.019386
-0.063544
0.00064003
0.0017421
-0.03361
-0.047672
-0.068034
-0.049179
-0.024486
-0.050516
-0.07054
-0.080037
-0.11881
-0.16808
-0.17917
-0.21892
-0.30177
-0.25203
-0.080478
-0.0021822
0.021924
0.088496
0.14011
0.12623
0.088556
0.085211
0.10888
0.12635
0.13552
0.151
0.17524
0.19301
0.203
0.20734
0.21184
0.21901
0.20366
0.12761
-0.035386
-0.06719
-0.032395
-0.060558
-0.076699
-0.083167
-0.071421
-0.03779
-0.02619
-0.058503
-0.077809
-0.063828
-0.030601
0.020876
0.065691
0.10132
0.13251
0.15
0.14549
0.12073
0.11128
0.10238
0.079525
0.073313
0.072232
0.057487
0.031244
0.026696
0.039666
0.036204
0.031836
0.040155
0.051961
0.041929
0.0092446
-0.013916
-0.0089841
0.0042576
0.0032493
0.0083913
0.018481
-0.0011071
-0.020427
-0.028979
-0.050058
-0.073519
-0.093966
-0.098402
-0.087603
-0.091982
-0.10824
-0.1108
-0.085115
-0.045241
-0.014478
-0.0076421
-0.009505
-0.0017376
-0.0020289
-0.020515
-0.047309
-0.066184
-0.067497
-0.061592
-0.046564
-0.049527
-0.068281
-0.070939
-0.06953
-0.076016
-0.085028
-0.062416
-0.013329
0.0048949
0.014227
0.029478
0.032687
0.032217
0.022636
-0.00048873
-0.0014653
0.015007
-0.0046759
-0.040245
-0.042919
-0.043199
-0.03866
0.0093669
0.036328
0.0077595
0.0048
0.034338
0.052994
0.054817
0.033068
0.019212
0.03896
0.054752
0.063698
0.068042
0.071323
0.064013
0.047519
-0.0084867
-0.055019
-0.045267
-0.033561
-0.057605
-0.078963
-0.034929
0.0092619
-0.014956
-0.044589
-0.054949
-0.014953
0.048648
-0.0045045
-0.034998
-0.0065432
-0.017184
0.0077846
0.045625
0.038249
0.0044991
-0.023027
-0.022984
-0.027771
-0.035077
-0.018967
-0.015598
-0.013175
0.0034697
0.027637
0.0060144
-0.048861
-0.047093
-0.040919
-0.055175
-0.046976
-0.036409
-0.032496
-0.040307
-0.056484
-0.03663
-0.023239
-0.030092
-0.015492
0.0055277
0.0088818
-0.0022669
0.021807
0.043562
0.02932
0.0020373
3.7568e-05
0.038286
0.043142
0.018567
0.022722
0.033438
0.036961
0.056086
0.059563
0.04987
0.050202
0.055663
0.052444
0.05344
0.051437
0.059777
0.061445
0.03634
0.029401
0.036843
0.040059
0.037627
0.037305
0.03054
0.01117
0.0030159
-0.00042724
0.0090247
0.029651
0.020471
0.015177
0.018309
0.011369
0.0024091
-0.021329
-0.030007
-0.036541
-0.039552
-0.0016337
0.035592
0.033747
0.024405
0.018946
0.0012993
-0.020308
-0.024278
-0.019565
-0.015209
0.026355
0.056584
0.051746
0.05969
0.056684
0.021198
-0.010471
-0.036428
-0.040343
-0.01898
-0.022091
-0.010838
0.031811
0.026522
-0.022018
-0.009501
0.022414
0.0012634
-0.033359
-0.036856
-0.016818
-0.011501
-0.021785
-0.015751
0.01023
0.01462
-0.0087666
-0.025522
-0.023836
-0.013981
-0.013806
-0.035906
-0.035517
0.018808
0.030627
-0.003264
-9.1062e-05
-0.0088085
-0.031409
-0.041609
-0.051674
-0.05597
-0.050438
-0.037549
-0.031818
-0.032652
-0.044536
-0.059543
-0.055134
-0.062536
-0.077787
-0.058368
-0.033637
-0.015502
-0.0045549
-0.0085415
-0.0034644
0.004069
-0.004647
-0.0246
-0.039926
-0.018045
-0.0035125
-0.01
0.0063384
0.016908
0.018014
0.024928
0.01451
-0.0065684
-0.015813
-0.0011779
0.016584
0.018705
0.003985
0.0021897
0.012096
0.025215
0.028292
0.015713
0.0023497
-0.0011829
-0.010468
-0.0024137
0.0042628
-0.017679
-0.032835
-0.019079
0.00261
-0.00071294
-0.01017
-0.015117
-0.015972
-0.013713
-0.01743
-0.0087472
0.010518
0.016508
0.034748
0.047071
0.026928
0.022235
0.046562
0.04097
0.015858
0.0107
0.011111
0.011648
0.0020768
-0.01307
-0.017857
-0.016644
-0.018962
-0.038393
-0.05571
-0.039011
-0.010161
-0.0061341
-0.0046465
-0.014823
-0.023077
0.0054545
0.00661
-0.010829
0.0013038
0.015629
0.027057
0.029689
0.024362
0.046494
0.052013
0.026962
0.032015
0.052358
0.050914
0.049126
-0.0013038
-0.033231
0.0093914
0.005317
-0.023246
-0.010932
-0.01038
-0.040637
-0.05099
-0.014295
0.0090647
-0.019566
-0.029881
-0.029892
0.015751
0.053034
0.010791
-0.0025718
0.038311
0.052126
0.023074
-0.0054237
-0.0010522
-0.0084676
-0.02614
-0.031625
-0.024308
-0.036806
-0.042596
-0.042162
-0.047324
-0.022902
0.0085831
-0.010267
-0.039101
-0.027715
0.0060942
0.045765
0.031979
0.0039284
0.050635
0.061451
-0.0042895
-0.022844
-0.014632
-0.010332
0.0082187
0.0094352
-0.0031799
8.6499e-05
-0.0046139
-0.011337
-0.016473
0.0081815
0.028796
0.014727
-0.00022477
-0.0071572
-0.010573
-0.013318
-0.019909
-0.040529
-0.0128
0.038872
-0.016863
-0.060492
-0.03127
-0.034349
-0.060106
-0.056962
-0.014249
0.050969
0.064093
0.040328
0.047045
0.061966
0.046768
-0.014054
-0.02213
0.01108
0.01862
0.028017
0.03375
0.023066
-0.013781
-0.029257
-0.02724
-0.038021
-0.053951
-0.072547
-0.079509
-0.045207
0.0099435
0.03326
0.036261
0.046122
0.032591
0.035413
0.055185
0.043969
0.030776
0.015562
0.0059969
0.041397
0.050302
0.0097876
0.0043578
-0.028757
-0.068934
-0.049895
-0.020843
-0.027618
-0.026091
-0.019835
-0.010822
0.020416
0.013017
-0.017006
0.0033527
0.029576
0.021575
0.029281
0.035031
0.008656
-0.017541
-0.010083
-0.010974
-0.025577
-0.024226
-0.022673
0.0047717
0.013512
-0.0079492
0.00093694
-0.0026579
0.004976
0.014385
-0.0058526
0.0091557
0.029028
-0.012657
-0.037185
-0.017703
-0.019146
-0.016409
0.0035234
0.0030371
-0.027787
-0.027739
-0.00089123
-0.014495
-0.016274
0.022142
0.035676
0.035505
0.043174
0.033753
0.014882
0.018923
0.01549
0.010554
-0.0067186
-0.025853
-0.020273
-0.0087253
0.019914
0.0093732
-0.011335
-0.012294
-0.023378
-0.023996
-0.014801
-0.019451
-0.00069745
0.029376
0.011607
0.010346
0.0018792
-0.010398
0.0064562
-0.0040289
-0.0098235
-0.001522
0.010279
0.014869
-0.0023714
0.0037719
0.007907
-0.017921
-0.0081252
0.0067114
-0.017829
-0.024931
-0.011919
-0.0063747
0.011574
0.010172
-0.0011566
0.007661
0.0083787
0.0087907
0.014659
-0.0077238
-0.0093415
0.013791
0.019822
0.024071
0.013166
0.0010351
0.0045133
-0.0084592
-0.010713
-0.0023849
-0.0085341
0.010004
0.030784
0.0032063
-0.014021
0.0097231
0.013013
0.0014892
-0.00093805
-0.0030059
0.0032854
0.012042
0.022383
-0.0027607
-0.0329
-0.01743
-0.0098344
-0.014916
-0.0013246
-0.0049424
0.011496
0.038084
0.035782
-0.0013573
-0.033874
-0.00091481
0.0051102
-0.013191
0.0038817
0.035111
0.0045968
-0.049458
-0.020546
0.0078596
-0.0077891
-0.0041076
-0.010038
-0.028541
0.0028148
0.049821
0.033292
0.0063646
0.011932
-0.0010784
-0.026024
-0.022658
-0.0068868
-0.010975
-0.0076932
-0.00073058
-0.0075237
-0.014752
-0.0026076
0.010656
-0.0051047
-0.0053607
0.013741
0.01957
0.017655
0.0057087
0.00028594
0.0078229
0.006723
-0.0029981
0.003488
-0.0087638
-0.0082275
0.00079354
0.0028254
-0.00015265
-0.0022222
-0.0040196
-0.02192
-0.0021339
0.027728
0.01784
0.00022451
0.0158
0.0091015
-0.012957
-0.0079392
-0.0067632
-0.023957
-0.024816
0.011314
0.026328
-0.00024436
-0.005371
0.011331
-0.0048975
-0.008946
0.0018703
-0.011865
-0.0072832
0.012782
0.020097
0.039884
0.028812
0.0027443
0.0036547
-0.0076309
-0.018514
0.01043
0.047146
0.0095106
-0.0033791
4.3719e-05
-0.013312
-0.018979
-0.024027
-0.0017495
0.020516
0.0052202
-0.0065888
0.014459
0.0055375
-0.023938
-0.017414
0.0096894
0.016981
-0.018386
-0.011619
0.016667
0.0012318
-0.012897
0.015424
0.034017
0.013133
0.015909
0.034104
0.018627
-0.017959
-0.029253
-0.011868
-0.00037086
-0.014577
-0.00694
0.019262
0.0021345
-0.038335
-0.038583
-0.0057307
0.032323
0.0043788
-0.00086189
0.042479
0.043624
0.0099474
-0.021378
-0.0038518
0.0001958
-0.015586
-0.029689
-0.033281
-0.0047782
0.0097696
0.0052219
-0.014018
-0.019934
-0.0016988
-0.010123
-0.02473
-0.0097481
0.018779
0.031375
0.025894
0.019106
0.023805
0.021567
0.0043764
0.0068858
-0.0032983
-0.016326
-0.012889
0.0025775
-0.0011004
-0.034503
-0.042782
-0.027128
0.016918
0.024565
-0.010876
0.0021542
0.0053152
-0.018591
-0.018991
-0.0010044
0.019935
0.020286
0.0038148
-0.011236
-0.017721
-0.012631
0.0098314
0.016926
0.011989
0.02883
0.03303
0.012601
0.0044369
0.005908
0.0053764
-0.0056041
-0.01716
-0.012648
-0.015716
-0.0275
-0.020005
-0.0098645
-0.015002
-0.0015009
0.026469
0.023882
0.016149
0.021878
0.016937
0.0054923
0.0061337
0.016201
0.012937
0.0084471
0.010201
0.0044339
-0.0053102
-0.010962
-0.0019601
0.0014819
-0.0010933
0.0025576
0.0039405
-0.0051612
-0.015129
-0.0051342
0.0034776
-0.0037432
-0.0078815
-0.0064677
-0.002623
-0.0016314
-0.010575
-0.0041713
0.0095551
0.012368
0.0066101
0.0089314
0.010607
0.012655
0.011497
0.0024053
-0.0039375
-0.00098016
0.014838
0.0039651
-0.010634
-0.0071648
-0.007058
-0.005452
-0.0052527
-0.0056187
-0.0040872
-0.0075168
-0.018219
-0.013598
0.0014101
0.01109
0.005636
-0.001423
6.203e-05
0.0088861
0.014602
0.011124
0.0056814
0.0037576
0.0052986
-0.0027242
-0.011203
-0.003117
-0.0090676
-0.018769
-0.0023184
-0.00013302
-0.010384
0.002576
0.00095584
-0.0067692
-0.011251
-0.011157
-0.0030199
0.0089818
0.0094347
0.005254
0.0080507
0.0017011
-0.0039448
-0.0022291
-0.0054083
-0.0027212
-0.0024248
-0.015093
-0.002085
0.021227
0.006706
-0.020686
-0.0057837
0.020551
0.00019
-0.022412
-0.0027329
0.0062065
0.001642
0.015878
0.022956
0.010207
-0.0075065
-0.015447
-0.0070133
0.0082229
0.0078201
-0.0030215
-0.00015883
0.01369
0.013401
0.0061404
0.00122
-0.00578
-0.0037959
-0.0014209
0.006544
0.019003
0.0050219
0.0022291
0.01428
0.0046858
0.0025283
0.014335
0.014617
-0.0030715
-0.0072636
0.0091088
0.018506
0.0040599
-0.016204
-0.010929
-0.0025605
-0.013441
-0.021845
-0.018203
-0.0057387
-0.0063032
-0.0075707
0.0018954
0.0032096
0.019545
0.022948
0.0046505
0.0029855
0.0020987
-0.0048489
0.0071989
0.010035
-0.0052579
-0.0090044
-0.0095212
-0.012661
-0.0089129
-0.0064161
-0.0099089
-0.0062497
0.011258
1.3821e-05
-0.019759
0.00095208
0.014943
0.012223
0.0091244
0.011473
0.017568
0.0024681
-0.014081
-0.0098404
-0.018805
-0.020075
-0.0044317
-0.0044149
0.0014961
-0.0020023
-0.0062688
-0.0015718
-0.0031739
0.0080728
0.0023666
-0.00097746
0.017104
0.00013244
-0.013003
-0.0062398
-0.011037
-0.0029204
-0.00028869
0.010445
0.024741
0.010666
-0.0032271
-0.0041489
-8.8106e-05
0.011573
0.0033036
0.0041712
0.0088807
0.0040224
0.0013094
-0.011193
-0.011659
-0.0016338
-0.0078036
-0.012607
-0.0037271
0.0010295
0.0016465
-0.0017369
-0.0067876
-0.0039308
0.0021167
0.0083183
0.0087552
0.0057564
0.011623
0.012694
0.0054832
0.0076754
0.0061111
-0.0022295
-0.0080514
-0.0074708
-0.005501
-0.0080503
-0.0038522
-0.0038568
-0.0048232
-0.0018503
0.00043576
0.00044681
-0.0021187
-0.002254
0.001752
-0.00075579
0.0028229
0.0065812
0.00042232
0.0056085
0.011513
-0.0017534
-0.0020153
0.010968
0.002613
-0.0081692
-0.0095166
-0.0074604
-0.010199
-0.008509
-0.0088295
-0.0058426
0.0030619
0.0023298
0.0037157
0.0049323
0.0028829
0.0063018
-0.0017321
-0.0053449
0.0059379
0.0078792
-0.0021832
-0.0075463
0.0014369
-0.00094808
-0.013758
-0.012594
-0.0041592
0.0031273
-0.00099868
-0.0050912
0.0074054
0.0081897
-0.0077397
-0.012689
0.00022016
0.011708
0.0053745
-0.0060473
-0.0058806
-0.00084242
-0.0073254
-0.011563
-0.014647
-0.0086724
0.0078064
0.005914
-0.00033968
0.0020006
0.0062022
0.0054634
0.0051276
0.0051302
0.0056258
-0.002003
0.0017924
0.0045245
-0.0079896
-0.01243
-0.0058426
-0.0042748
-0.0021383
0.0034162
-0.0052524
0.0014168
0.011622
0.0017461
-0.015464
-0.014648
0.008519
0.017364
0.0062287
0.0048184
0.002175
-0.0034407
-0.0016112
-0.0017252
0.0074359
0.015452
0.010007
0.0029966
-0.0043268
-0.0079645
-0.010362
-0.015183
-0.0099876
0.0069723
0.011999
-0.0012396
-0.007252
-0.0047175
-0.011841
-0.017224
-0.0065878
0.0052796
0.0085434
0.0048715
0.0049326
0.0041801
0.0019508
0.0047971
0.00097172
0.0014534
0.013339
0.013031
-0.0015548
-0.011487
-0.014237
-0.018181
-0.017677
-0.0066928
-0.0065672
-0.0061169
0.0099605
0.0062653
0.0048875
0.017025
0.002737
-0.0045888
0.00439
0.0027834
0.0020739
0.0046247
0.0021257
-0.0096638
-0.011176
-0.0016759
-0.004179
-0.0060517
0.0016633
0.0046907
0.014812
0.025609
0.019913
0.0064599
0.0017677
-0.00058339
-0.0066267
-0.0031958
0.0035666
-0.0006861
-0.0062791
-0.0083638
-0.011363
-0.01673
-0.015758
0.0011775
0.0052885
-0.0071649
0.0048891
0.017683
0.0091415
0.00096885
0.001889
0.0030482
0.0014304
0.0019317
-0.00020707
-0.0078633
-0.010166
-0.01644
-0.016363
-0.0072371
0.0027471
0.0023893
-0.0067611
0.0039262
0.012013
0.0043977
0.006246
0.013797
0.012218
0.010795
0.0067755
0.0068997
0.0033675
-0.0067117
-0.0060763
-0.0058299
-0.00025508
0.0020312
0.00045466
0.0028698
-0.0044854
-0.010556
-0.0083321
-0.0025753
0.001585
-0.0014678
-0.00032111
0.0092341
0.0069934
-0.0068879
-0.0093634
-0.00036497
-0.0014984
-0.0063105
-0.00072674
-0.0028834
0.0018501
0.015225
0.0056408
-0.000653
4.757e-05
-0.0095702
-0.0074916
-0.0030245
-0.0033964
-0.0023758
-0.0075533
-0.010015
-0.0030188
-0.0030685
-0.0048254
-0.0045708
-0.0056222
0.00018768
0.009191
0.014057
0.010265
0.0016701
0.0018331
0.0048009
-0.00012525
-0.0049428
-0.0059796
-0.0014088
0.0037188
-0.0014665
-0.0073596
-0.0039206
0.0032128
-0.0015789
-0.011392
-0.0059137
0.0052919
0.0087067
0.0011604
-0.00060477
0.0044245
0.0037631
-0.009672
-0.013973
-0.0084404
-0.0054125
-0.0036754
-0.0031416
-0.0028851
-0.0059754
-0.0094401
-0.0047883
0.0034049
0.007444
0.0091719
0.010431
0.007805
0.0028077
0.0031584
0.0050422
0.0032319
0.00112
0.0052888
0.0054337
-0.0021528
7.9802e-05
0.0022485
-0.0077514
-0.0083265
-0.0021505
-0.0043945
-0.010332
-0.0056462
-0.00049956
-0.011917
-0.012668
-0.0032067
-0.0013373
0.005338
0.013207
0.01092
0.0068148
0.0072518
0.0052838
0.00018101
-0.00061374
-0.0011328
-0.0011548
0.0053954
0.010827
-0.00013199
-0.014868
-0.013018
-0.012934
-0.014757
-0.0082653
-0.0042941
-0.0068346
-0.0016368
0.007857
0.0033549
-0.0026401
0.0061996
0.0020469
-0.0068341
-0.0028131
-0.0046438
0.0003086
0.0029644
-0.0021249
-0.002795
0.0016784
0.0023128
-0.0013235
0.0014912
0.0077532
0.0049155
0.0043466
0.0078455
0.0025307
-0.0037369
-0.0084858
-0.0098142
-0.011499
-0.0089271
0.00048465
0.00074204
-0.0024126
0.0042028
0.0051096
-0.0026716
0.0012595
0.0044838
0.0019519
0.008197
0.010061
0.0059854
-0.0019724
-0.010076
-0.0091555
-0.0063064
-0.010208
-0.014225
-0.0023407
0.0089632
0.0066327
0.00031873
-0.00067512
0.0064143
0.0075886
0.0081054
0.0055492
0.00038428
0.00054065
-0.0034329
-0.0025899
-0.00026911
-0.0067051
-0.011807
-0.011929
-0.010299
-0.014059
-0.018108
-0.0090089
-0.0023613
0.00054399
0.013836
0.019293
0.014875
0.014068
0.018663
0.015363
0.0044565
0.0020697
-0.0037089
-0.010049
-0.011692
-0.012942
-0.013065
-0.017794
-0.01498
-0.0023699
-0.0014631
0.0023546
0.010188
0.0073659
0.0098977
0.0092839
0.0091203
0.019764
0.021705
0.007725
-0.0074807
-0.014086
-0.0088626
-0.0059692
-0.0075135
-0.0042093
-0.0080323
-0.0066107
-0.0017253
-0.0082389
-0.007873
0.00056799
0.0085313
0.0071225
0.0010027
0.0037133
0.011693
0.01321
0.0058616
-0.00040103
0.0037086
0.0038993
0.00093771
-0.00043368
-0.003489
-0.0036474
-0.0064255
-0.0045638
0.0044002
0.0063503
0.0033914
0.0031429
-0.00085492
-0.0057304
-0.0027788
0.00043676
-0.00069265
0.0014584
0.0011783
0.00040368
0.0037367
0.0040896
0.0042435
0.0025028
0.00043658
0.0017838
0.00019615
0.0020989
0.0049607
0.0017577
-0.00036046
-9.2688e-05
-0.0023953
-0.0007284
0.0041719
0.0049491
0.0053503
0.0052022
0.0054822
0.0026961
-0.00078604
-0.0016543
-0.0021093
0.00054975
0.00092485
0.00032802
0.00045106
-0.0022717
-0.0018587
0.00038706
0.0020115
0.0045839
0.0063919
0.0056426
0.0052749
0.0037785
0.0028902
0.0031523
0.0011608
-5.1236e-05
0.00033415
0.00019515
0.0003038
-0.00036322
-1.6684e-05
0.00054794
0.00029117
0.00046967
0.0011091
0.0013908
0.001592
0.0022234
0.0016561
0.001172
0.0013206
0.0016736
0.0021463
0.0012538
0.00079782
0.00091347
0.00071026
0.00019494
-0.00048902
0.00011805
0.0006227
0.00027986
0.00041565
0.00061046
0.00058087
0.00065781
0.00043055
0.00043643
0.00046113
0.00013314
9.2635e-05
0.00010088
2.5859e-05
5.2192e-05
0.0001625
0.00021337
4.1089e-05
-9.8072e-05
-0.00014888
-0.00021547
-0.00023619
-0.00029238
-0.00034868
-0.00030186
-0.00037807
-0.00050331
-0.0005053
-0.00050735
-0.00054905
-0.00058371
-0.0006003
-0.00061529
-0.00063477
-0.00066576
-0.00072215
-0.00077838
-0.00080164
-0.0008475
-0.00089296
-0.00091661
-0.00095098
-0.00098522
-0.0010166
-0.0010483
-0.0010767
-0.0011038
-0.0011319
-0.0011608
-0.0011878
-0.0012141
-0.0012401
-0.001265
-0.0012894
-0.0013131
-0.0013359
0
0
0
0
0
0
0
0
0
0
0
0
0
0
0
0
0
0
0
0
0
0
0
0
0
0
0
0
0
0
0
0
0
0
0
0
0
0
0
0
0
0
0
0
0
0
0
0
0
0
0
0
0
0
0
0
0
0
0
0
0
0
0
0
0
0
0
0
0
0
0
0
0
0
0
0
0
0
0
0
0
0
0
0
0
0
0
0
0
0
0
0
0
0
0
0
0
0
0
0
0
0
0
0
0
0
0
0
0
0
0
0
0
0
0
0
0
0
0
0
0
0
0
0
0
0
0
0
0
0
0
0
0
0
0
0
0
0
0
0
0
0
0
0
0
0
0
0
0
0
0
0
0
0
0
0
0
0
0
0
0
0
0
0
0
0
0
0
0
0
0
0
0
0
0
0
0
0
0
0
0
0
0
0
0
0
0
0
0
0
0
0
0
0
0
0
0
0
0
0
0
0
0
0
0
0
0
0
0
0
0
0
0
0
0
0
0
0
0
0
0
0
0
0
0
0
0
0
0
0
0
0
0
0
0
0
0
0
0
0
0
0
0
0
0
0
0
0
0
0
0
0
0
0
0
0
0
0
0
0
0
0
0
0
0
0
0
0
0
0
0
0
0
0
0
0
0
0
0
0
0
0
0
0
0
0
0
0
0
0
0
0
0
0
0
0
0
0
0
0
0
0
0
0
0
0
0
0
0
0
0
0
0
0
0
0
0
0
0
0
0
0
0
0
0
0
0
0
0
0
0
0
0
0
0
0
0
0
0
0
0
0
0
0
0
0
0
0
0
0
0
0
0
0
0
0
0
0
0
0
0
0
0
0
0
0
0
0
0
0
0
0
0
0
0
0
0
0
0
0
0
0
0
0
0
0
0
0
0
0
0
0
0
0
0
0
0
0
0
0
0
0
0
0
0
0
0
0
0
0
0
0
0
0
0
0
0
0
0
0
0
0
0
0
0
0
0
0
0
0
0
0
0
0
0
0
0
0
0
0
0
0
0
0
0
0
0
0
0
0
0
0
0
0
0
0
0
0
0
0
0
0
0
0
0
0
0
0
0
0
0
0
0
0
0
0
0
0
0
0
0
0
0
0
0
0
0
0
0
0
0
0
0
0
0
0
0
0
0
0
